DATASET = ORTEC Test Set
NAME = Instance 01

DAY = 1
1	R	0	87	0
2	R	0	148	0
3	R	0	106	0
4	R	0	104	0
5	R	0	7	0
6	R	0	112	0
7	R	0	49	0
8	R	0	107	0
9	R	0	125	0
10	R	0	129	0
11	R	0	80	0
12	R	0	54	0
13	R	0	17	0
14	R	0	28	24	0
15	R	0	47	0
16	R	0	62	0
17	R	0	11	127	0
18	R	0	92	0
19	R	0	19	37	0
20	R	0	66	0
21	R	0	91	0
22	R	0	137	0
23	R	0	90	0
24	R	0	83	0
25	R	0	30	0
26	R	0	36	0
27	R	0	78	0
28	R	0	117	0
29	R	0	20	0
30	R	0	41	0
31	R	0	3	0
32	R	0	35	0
33	R	0	97	77	0
34	R	0	5	0
35	R	0	95	0
36	R	0	32	0
37	R	0	142	0
38	R	0	12	0
39	R	0	27	0
40	R	0	124	0
41	R	0	13	0
42	R	0	39	0
43	R	0	133	0
44	R	0	60	0
45	R	0	33	0
46	R	0	94	0
47	R	0	4	0
48	R	0	23	0
49	R	0	71	0
50	R	0	59	64	0
51	R	0	102	0
52	R	0	101	0
53	R	0	44	72	0
54	R	0	113	0
55	R	0	145	150	0
56	R	0	34	0
57	R	0	8	0
58	R	0	103	0
59	R	0	108	0
60	R	0	134	0

DAY = 2
1	R	0	126	0
2	R	0	-95	0
3	R	0	-104	0
4	R	0	120	139	0
5	R	0	25	0
6	R	0	89	0
7	R	0	128	0
8	R	0	53	0
9	R	0	45	0
10	R	0	16	0
11	R	0	-19	0
12	R	0	93	0
13	R	0	109	0
14	R	0	70	0
15	R	0	-91	0
16	R	0	57	84	0
17	R	0	143	0
18	R	0	31	0
19	R	0	63	-108	0
20	R	0	61	0
21	R	0	-78	0
22	R	0	147	0
23	R	0	-36	0
24	R	0	-4	0
25	R	0	105	0
26	R	0	65	0
27	R	0	-101	0
28	R	0	118	0
29	R	0	-80	0
30	R	0	79	0
31	R	0	-87	0
32	R	0	81	0
33	R	0	73	99	0
34	R	0	115	0
35	R	0	85	0
36	R	0	140	0
37	R	0	-83	0
38	R	0	131	0
39	R	0	26	130	0
40	R	0	42	0
41	R	0	40	0
42	R	0	-94	0
43	R	0	146	0
44	R	0	56	0
45	R	0	116	0
46	R	0	111	0
47	R	0	52	0
48	R	0	-150	0
49	R	0	141	0

DAY = 3
1	R	0	9	0
2	R	0	-134	0
3	R	0	15	0
4	R	0	-44	0
5	R	0	-103	0
6	R	0	-39	0
7	R	0	-106	0
8	R	0	100	0
9	R	0	-115	0
10	R	0	6	96	0
11	R	0	67	0
12	R	0	-112	75	0
13	R	0	138	0
14	R	0	-143	0
15	R	0	-72	0
16	R	0	-97	0
17	R	0	55	0
18	R	0	1	0
19	R	0	18	0
20	R	0	-13	0
21	R	0	-102	0
22	R	0	-146	0
23	R	0	-37	46	76	-34	0
24	R	0	-107	0
25	R	0	-124	-20	0
26	R	0	-54	0
27	R	0	-28	0
28	R	0	51	0
29	R	0	132	0
30	R	0	-27	0
31	R	0	98	0
32	R	0	-61	0
33	R	0	121	0
34	R	0	-142	0
35	R	0	-12	0
36	R	0	-137	0
37	R	0	21	-71	0
38	R	0	-60	0
39	R	0	-24	0
40	R	0	110	-109	0
41	R	0	135	0

DAY = 4
1	R	0	-30	0
2	R	0	58	0
3	R	0	-35	0
4	R	0	50	0
5	R	0	144	0
6	R	0	-47	0
7	R	0	22	0
8	R	0	-49	0
9	R	0	69	0
10	R	0	29	0
11	R	0	-117	-145	0
12	R	0	-147	0
13	R	0	-32	0
14	R	0	-100	0
15	R	0	-92	0
16	R	0	122	0
17	R	0	-41	-11	0
18	R	0	-62	0
19	R	0	14	-66	0
20	R	0	-77	0
21	R	0	48	0
22	R	0	-59	0
23	R	0	-148	0
24	R	0	119	0
25	R	0	-3	0
26	R	0	-90	0
27	R	0	38	0
28	R	0	-75	0
29	R	0	-129	0
30	R	0	2	-17	0
31	R	0	-93	0
32	R	0	-25	-113	0
33	R	0	86	0
34	R	0	-6	114	-130	0
35	R	0	-121	0
36	R	0	-125	10	0
37	R	0	-64	0
38	R	0	82	0
39	R	0	74	0
40	R	0	68	0
41	R	0	-7	0
42	R	0	-33	0
43	R	0	-9	0
44	R	0	136	0
45	R	0	149	0
46	R	0	-5	0
47	R	0	-23	0
48	R	0	-8	-127	0
49	R	0	88	0
50	R	0	123	0
51	R	0	-133	0
52	R	0	-1	0
53	R	0	43	0

DAY = 5
1	R	0	-131	0
2	R	0	-140	0
3	R	0	-15	0
4	R	0	-139	-79	0
5	R	0	-16	0
6	R	0	-40	0
7	R	0	-53	0
8	R	0	-114	-48	0
9	R	0	-118	0
10	R	0	-85	0
11	R	0	-2	0
12	R	0	-51	0
13	R	0	-111	0
14	R	0	-144	0
15	R	0	-55	0
16	R	0	-46	0
17	R	0	-65	0
18	R	0	-135	0
19	R	0	-132	-96	0
20	R	0	-14	0
21	R	0	-10	0
22	R	0	-89	0
23	R	0	-52	-149	0
24	R	0	-69	0
25	R	0	-22	0
26	R	0	-81	0
27	R	0	-84	0
28	R	0	-88	0	-120	0
29	R	0	-42	0
30	R	0	-74	0
31	R	0	-76	0
32	R	0	-68	0
33	R	0	-136	0
34	R	0	-98	0
35	R	0	-57	-119	0	-70	0
36	R	0	-63	0
37	R	0	-38	0
38	R	0	-26	-18	-116	0
39	R	0	-73	-21	0	-122	0
40	R	0	-141	0
41	R	0	-67	0
42	R	0	-123	0
43	R	0	-126	0
44	R	0	-45	0
45	R	0	-50	0
46	R	0	-82	0
47	R	0	-99	0
48	R	0	-138	0
49	R	0	-58	0
50	R	0	-105	0	-56	0
51	R	0	-110	0
52	R	0	-128	0
53	R	0	-86	0
54	R	0	-29	0
55	R	0	-43	0
56	R	0	-31	0
