DATASET = ORTEC Test Set
NAME = Instance 05

DAY = 1
1	R	0	28	0
2	R	0	263	0
3	R	0	51	0
4	R	0	252	0
5	R	0	59	0
6	R	0	280	0
7	R	0	136	0
8	R	0	284	0
9	R	0	33	0
10	R	0	243	0
11	R	0	91	0
12	R	0	67	0
13	R	0	200	0
14	R	0	62	0
15	R	0	94	0
16	R	0	174	0
17	R	0	90	0
18	R	0	111	0
19	R	0	195	0
20	R	0	269	0
21	R	0	147	0
22	R	0	172	0
23	R	0	35	0
24	R	0	150	0
25	R	0	128	0
26	R	0	258	0
27	R	0	163	0

DAY = 2
1	R	0	159	0
2	R	0	25	0	226	0
3	R	0	104	0
4	R	0	76	0
5	R	0	227	0
6	R	0	183	0
7	R	0	282	0
8	R	0	188	0
9	R	0	244	0
10	R	0	148	0
11	R	0	122	0
12	R	0	34	0
13	R	0	274	0
14	R	0	-35	0
15	R	0	204	0	154	0
16	R	0	236	0
17	R	0	15	0
18	R	0	218	0
19	R	0	45	0
20	R	0	199	0
21	R	0	238	0
22	R	0	31	0
23	R	0	-163	0
24	R	0	193	0
25	R	0	178	0
26	R	0	78	0
27	R	0	-128	0
28	R	0	50	0
29	R	0	-67	0
30	R	0	1	0
31	R	0	221	0	240	0
32	R	0	164	0
33	R	0	73	0
34	R	0	-94	0
35	R	0	222	0
36	R	0	6	0
37	R	0	289	0
38	R	0	64	0
39	R	0	43	0
40	R	0	300	0
41	R	0	10	0
42	R	0	99	0
43	R	0	60	0
44	R	0	230	0
45	R	0	127	0

DAY = 3
1	R	0	48	0
2	R	0	170	0
3	R	0	-195	0
4	R	0	-33	0
5	R	0	-10	0
6	R	0	129	0
7	R	0	166	0
8	R	0	139	0
9	R	0	123	0
10	R	0	-45	0
11	R	0	-226	0
12	R	0	-159	0
13	R	0	-1	0
14	R	0	242	0
15	R	0	216	0
16	R	0	295	0
17	R	0	143	0
18	R	0	38	0	210	0
19	R	0	299	0
20	R	0	162	0
21	R	0	2	0
22	R	0	79	0
23	R	0	-280	0
24	R	0	273	0
25	R	0	-221	0
26	R	0	247	0
27	R	0	261	0
28	R	0	-73	0
29	R	0	-243	0
30	R	0	89	0
31	R	0	-60	0
32	R	0	246	0
33	R	0	-91	0
34	R	0	293	0
35	R	0	-174	0
36	R	0	-289	0
37	R	0	75	44	0
38	R	0	-136	0
39	R	0	215	0
40	R	0	157	0	161	0
41	R	0	234	0
42	R	0	131	0
43	R	0	82	0
44	R	0	112	0
45	R	0	249	0
46	R	0	113	0
47	R	0	194	0
48	R	0	20	0
49	R	0	97	0
50	R	0	-252	0
51	R	0	14	0
52	R	0	180	0
53	R	0	-240	0
54	R	0	92	0
55	R	0	107	0
56	R	0	-218	0
57	R	0	41	0
58	R	0	11	0
59	R	0	-122	0
60	R	0	-164	0
61	R	0	283	0
62	R	0	202	0
63	R	0	298	0
64	R	0	17	0
65	R	0	23	0
66	R	0	245	0
67	R	0	165	0
68	R	0	-15	0

DAY = 4
1	R	0	-131	0
2	R	0	-38	0
3	R	0	-269	0
4	R	0	-172	0
5	R	0	294	-234	0
6	R	0	-62	0
7	R	0	-227	0
8	R	0	-50	0
9	R	0	-258	0
10	R	0	100	0
11	R	0	69	0
12	R	0	49	0
13	R	0	192	0
14	R	0	186	0
15	R	0	-261	0
16	R	0	229	0
17	R	0	39	0
18	R	0	117	0
19	R	0	-200	0
20	R	0	149	0
21	R	0	-183	0
22	R	0	-165	0
23	R	0	18	0
24	R	0	270	0
25	R	0	171	0
26	R	0	-107	0
27	R	0	93	0
28	R	0	-222	275	0
29	R	0	201	0
30	R	0	-236	0
31	R	0	-17	0
32	R	0	-293	0
33	R	0	156	0
34	R	0	160	0
35	R	0	-170	0
36	R	0	84	0
37	R	0	46	0
38	R	0	-23	0
39	R	0	63	0
40	R	0	217	0
41	R	0	-295	0
42	R	0	144	0
43	R	0	133	0
44	R	0	235	0
45	R	0	-162	0
46	R	0	219	0
47	R	0	-111	0
48	R	0	262	0
49	R	0	181	0
50	R	0	-90	0
51	R	0	-51	0
52	R	0	-230	0
53	R	0	106	0	197	0
54	R	0	276	0
55	R	0	-14	0
56	R	0	213	-28	0
57	R	0	-113	0
58	R	0	-150	0
59	R	0	-216	0
60	R	0	74	0
61	R	0	-161	0
62	R	0	281	0
63	R	0	-139	0
64	R	0	56	0
65	R	0	95	0
66	R	0	-193	0
67	R	0	-129	0
68	R	0	-59	0
69	R	0	187	0
70	R	0	-263	0
71	R	0	278	0
72	R	0	191	0
73	R	0	27	0
74	R	0	212	0
75	R	0	-180	0
76	R	0	-41	0
77	R	0	203	0
78	R	0	-284	0
79	R	0	5	-25	0
80	R	0	115	0
81	R	0	83	0
82	R	0	-147	0
83	R	0	-199	0
84	R	0	169	0

DAY = 5
1	R	0	21	0
2	R	0	-74	0
3	R	0	36	0
4	R	0	-5	0
5	R	0	-20	0
6	R	0	55	0
7	R	0	-148	0
8	R	0	-157	0	-197	0
9	R	0	101	0
10	R	0	152	0
11	R	0	-244	0
12	R	0	296	0
13	R	0	32	0
14	R	0	-249	0
15	R	0	-217	0
16	R	0	88	0
17	R	0	-64	0
18	R	0	29	0
19	R	0	-92	0
20	R	0	125	0
21	R	0	-262	0
22	R	0	130	0
23	R	0	-43	0
24	R	0	-282	0
25	R	0	207	0
26	R	0	-204	0
27	R	0	140	13	0
28	R	0	279	0
29	R	0	3	0
30	R	0	-283	0
31	R	0	177	0
32	R	0	-95	0
33	R	0	-178	0
34	R	0	-112	0
35	R	0	265	0
36	R	0	-89	0
37	R	0	-300	0
38	R	0	-84	0
39	R	0	102	0
40	R	0	138	0
41	R	0	98	0
42	R	0	124	0
43	R	0	-212	0
44	R	0	-215	0
45	R	0	-99	0
46	R	0	-127	259	0
47	R	0	-44	0
48	R	0	232	0
49	R	0	57	0
50	R	0	47	0
51	R	0	254	0
52	R	0	-123	0
53	R	0	-56	0
54	R	0	-191	0
55	R	0	233	0
56	R	0	-104	0
57	R	0	-299	0
58	R	0	-154	0
59	R	0	237	0
60	R	0	-181	0
61	R	0	-34	0
62	R	0	264	0
63	R	0	-78	0
64	R	0	-186	0
65	R	0	-48	0
66	R	0	-106	0
67	R	0	4	0	220	0
68	R	0	179	-246	0
69	R	0	256	0
70	R	0	208	0
71	R	0	-6	0
72	R	0	-298	0
73	R	0	54	0
74	R	0	-97	0
75	R	0	253	0
76	R	0	255	0
77	R	0	241	0
78	R	0	16	0	231	0
79	R	0	-31	0
80	R	0	272	0
81	R	0	-76	-245	0
82	R	0	267	0
83	R	0	-274	0
84	R	0	-238	0
85	R	0	-18	0
86	R	0	271	0
87	R	0	132	0
88	R	0	-188	0
89	R	0	77	0
90	R	0	155	0

DAY = 6
1	R	0	137	0
2	R	0	-101	0	-194	0
3	R	0	175	0
4	R	0	70	0
5	R	0	-273	0
6	R	0	-63	0
7	R	0	-149	0
8	R	0	-21	0
9	R	0	285	0
10	R	0	-143	0
11	R	0	-203	0	96	0
12	R	0	-202	0
13	R	0	-171	0
14	R	0	86	0
15	R	0	-242	0
16	R	0	-255	0
17	R	0	81	0
18	R	0	-46	0
19	R	0	-82	0
20	R	0	-133	0
21	R	0	189	0
22	R	0	24	0
23	R	0	286	0
24	R	0	22	0
25	R	0	42	0
26	R	0	-49	0
27	R	0	72	0
28	R	0	-98	0
29	R	0	-256	0
30	R	0	68	0	-166	0
31	R	0	176	0
32	R	0	173	0
33	R	0	-275	0
34	R	0	-281	0
35	R	0	120	0
36	R	0	-27	0
37	R	0	-294	0
38	R	0	118	0
39	R	0	-229	0
40	R	0	30	228	0
41	R	0	266	0
42	R	0	103	0
43	R	0	61	0
44	R	0	214	0
45	R	0	114	0	206	0
46	R	0	12	0
47	R	0	-210	0	-11	0
48	R	0	-69	0
49	R	0	-2	0
50	R	0	-213	0
51	R	0	-79	0
52	R	0	-264	0
53	R	0	40	0	142	0
54	R	0	290	0
55	R	0	-247	0
56	R	0	288	0
57	R	0	-232	0
58	R	0	182	0
59	R	0	287	0
60	R	0	223	0	251	0
61	R	0	-13	0
62	R	0	-100	0
63	R	0	37	0
64	R	0	-276	0
65	R	0	-117	0
66	R	0	-75	0
67	R	0	-233	0
68	R	0	151	0
69	R	0	58	0
70	R	0	209	0	225	0
71	R	0	-144	0
72	R	0	-130	0
73	R	0	-187	0

DAY = 7
1	R	0	-42	0
2	R	0	145	0
3	R	0	-219	0
4	R	0	71	0
5	R	0	185	0
6	R	0	-32	0
7	R	0	-265	0
8	R	0	-169	0
9	R	0	-231	0
10	R	0	297	0
11	R	0	184	0
12	R	0	-114	0
13	R	0	-61	0
14	R	0	277	0
15	R	0	158	0
16	R	0	190	0
17	R	0	211	0
18	R	0	26	0
19	R	0	-251	0
20	R	0	-124	0
21	R	0	-207	0
22	R	0	146	0
23	R	0	-68	0
24	R	0	-115	0
25	R	0	-241	0
26	R	0	198	0
27	R	0	109	0	250	0
28	R	0	-235	0
29	R	0	-86	0
30	R	0	-155	0
31	R	0	196	0
32	R	0	85	0
33	R	0	-179	0
34	R	0	-12	0
35	R	0	-272	0
36	R	0	248	0
37	R	0	-81	0
38	R	0	-254	0
39	R	0	-201	0
40	R	0	-96	0
41	R	0	-192	0
42	R	0	-156	0
43	R	0	-278	0	167	0
44	R	0	-267	0
45	R	0	65	0
46	R	0	-152	0
47	R	0	-160	0
48	R	0	-83	0
49	R	0	9	0
50	R	0	141	0
51	R	0	-270	0
52	R	0	-125	0
53	R	0	-40	0
54	R	0	291	0
55	R	0	119	0
56	R	0	-214	0
57	R	0	-142	0
58	R	0	-208	0
59	R	0	105	0
60	R	0	66	0
61	R	0	7	0
62	R	0	-93	0	-132	0
63	R	0	-39	0
64	R	0	-206	0
65	R	0	224	0
66	R	0	-102	0
67	R	0	-237	0
68	R	0	205	0

DAY = 8
1	R	0	-175	0
2	R	0	-286	0
3	R	0	-291	0
4	R	0	-105	0
5	R	0	8	0
6	R	0	-88	0
7	R	0	-140	0
8	R	0	-55	0
9	R	0	-182	0
10	R	0	-103	0
11	R	0	-288	53	0
12	R	0	-9	0
13	R	0	121	0
14	R	0	135	0
15	R	0	-85	0
16	R	0	-151	0
17	R	0	-72	-77	0
18	R	0	-248	0
19	R	0	-205	0
20	R	0	-16	0
21	R	0	-3	0
22	R	0	108	0
23	R	0	134	0
24	R	0	116	0
25	R	0	257	0
26	R	0	-138	0
27	R	0	19	0	-250	0
28	R	0	-54	0
29	R	0	-176	0
30	R	0	-36	0
31	R	0	-22	0
32	R	0	-47	0
33	R	0	110	0
34	R	0	-224	0
35	R	0	-279	0	-29	0
36	R	0	126	0
37	R	0	-259	0
38	R	0	-253	0
39	R	0	-66	0
40	R	0	-173	0
41	R	0	-287	0
42	R	0	87	0
43	R	0	-145	0
44	R	0	-220	0
45	R	0	-70	0
46	R	0	-37	0
47	R	0	-118	0
48	R	0	-290	0
49	R	0	-296	0
50	R	0	-285	0
51	R	0	-137	0
52	R	0	-211	0
53	R	0	-4	0
54	R	0	292	0
55	R	0	-271	0
56	R	0	-225	0
57	R	0	168	0
58	R	0	-57	0
59	R	0	153	0
60	R	0	-177	0
61	R	0	-58	0
62	R	0	80	0

DAY = 9
1	R	0	-158	0
2	R	0	-135	0
3	R	0	-109	0
4	R	0	-297	0
5	R	0	-119	0
6	R	0	-53	0
7	R	0	-223	0
8	R	0	-266	0
9	R	0	-189	0
10	R	0	-185	0
11	R	0	-30	0
12	R	0	-198	0
13	R	0	-196	0
14	R	0	-120	0
15	R	0	-87	0
16	R	0	-257	0
17	R	0	-65	0
18	R	0	268	0
19	R	0	52	0
20	R	0	-24	0
21	R	0	260	0
22	R	0	-8	0
23	R	0	239	0
24	R	0	-209	0
25	R	0	-153	0
26	R	0	-228	0
27	R	0	-71	0
28	R	0	-277	0

DAY = 10
1	R	0	-7	0
2	R	0	-167	0
3	R	0	-110	0
4	R	0	-260	0
5	R	0	-268	0
6	R	0	-116	0
7	R	0	-168	0
8	R	0	-146	0
9	R	0	-126	0
10	R	0	-52	0
11	R	0	-141	0
12	R	0	-134	0
13	R	0	-108	0
14	R	0	-80	0
15	R	0	-239	0
16	R	0	-19	0
17	R	0	-26	0
18	R	0	-190	0
19	R	0	-121	0
20	R	0	-292	0
21	R	0	-184	0
