DATASET = ORTEC Test Set
NAME = Instance 04

DAY = 1
1	R	0	17	0
2	R	0	103	0	41	0
3	R	0	137	0
4	R	0	118	0
5	R	0	39	0
6	R	0	141	0
7	R	0	33	0
8	R	0	20	0
9	R	0	91	0
10	R	0	90	0
11	R	0	55	0
12	R	0	66	0
13	R	0	3	0
14	R	0	71	0
15	R	0	45	0
16	R	0	60	0
17	R	0	150	0
18	R	0	47	0
19	R	0	44	4	92	0
20	R	0	84	0
21	R	0	113	0
22	R	0	94	0
23	R	0	34	0
24	R	0	127	0
25	R	0	59	0
26	R	0	129	0
27	R	0	80	0
28	R	0	97	0
29	R	0	107	0
30	R	0	36	0
31	R	0	13	0
32	R	0	19	0
33	R	0	11	26	0
34	R	0	49	0
35	R	0	67	0
36	R	0	78	0
37	R	0	108	0
38	R	0	142	0
39	R	0	101	104	0
40	R	0	95	0
41	R	0	77	0
42	R	0	133	0
43	R	0	30	0
44	R	0	32	0
45	R	0	28	134	0
46	R	0	72	63	0
47	R	0	99	112	0	7	0
48	R	0	70	0
49	R	0	83	0
50	R	0	35	0
51	R	0	106	0
52	R	0	37	0
53	R	0	57	0
54	R	0	140	145	0
55	R	0	5	0
56	R	0	43	0
57	R	0	23	0	102	0
58	R	0	15	0

DAY = 2
1	R	0	-108	0
2	R	0	42	0
3	R	0	130	-36	0
4	R	0	117	0
5	R	0	53	0
6	R	0	124	0
7	R	0	147	0
8	R	0	79	0
9	R	0	-80	0
10	R	0	81	0
11	R	0	111	61	0
12	R	0	-83	0
13	R	0	93	0
14	R	0	-4	0
15	R	0	56	0
16	R	0	25	0
17	R	0	126	0
18	R	0	12	-94	0
19	R	0	115	0
20	R	0	65	0
21	R	0	31	0
22	R	0	125	0
23	R	0	8	0
24	R	0	-104	0
25	R	0	139	116	0
26	R	0	40	0
27	R	0	131	0
28	R	0	-43	120	0
29	R	0	-91	0
30	R	0	148	0
31	R	0	-101	0
32	R	0	89	0
33	R	0	105	0
34	R	0	-150	0
35	R	0	-95	0
36	R	0	-19	0
37	R	0	62	0
38	R	0	-78	0
39	R	0	73	0
40	R	0	85	0
41	R	0	109	0
42	R	0	16	0
43	R	0	128	0
44	R	0	52	0
45	R	0	51	64	0

DAY = 3
1	R	0	-28	0
2	R	0	-103	0	-142	0
3	R	0	-61	0
4	R	0	1	0
5	R	0	110	0
6	R	0	135	-137	0
7	R	0	-97	0
8	R	0	-20	-60	0
9	R	0	6	0
10	R	0	100	0
11	R	0	75	0
12	R	0	-15	0
13	R	0	-115	0
14	R	0	98	0
15	R	0	-37	0
16	R	0	-55	0
17	R	0	-72	0
18	R	0	46	0
19	R	0	-102	0
20	R	0	24	0
21	R	0	-44	0
22	R	0	-109	0
23	R	0	-34	0
24	R	0	-134	0
25	R	0	54	0
26	R	0	-39	21	0
27	R	0	-106	0
28	R	0	-107	76	0
29	R	0	-71	0
30	R	0	96	-67	0
31	R	0	138	18	0
32	R	0	132	0
33	R	0	121	0
34	R	0	-112	0
35	R	0	9	-13	0
36	R	0	27	0

DAY = 4
1	R	0	-25	0
2	R	0	-124	0
3	R	0	-49	0
4	R	0	-26	-33	0
5	R	0	-75	0
6	R	0	-32	0
7	R	0	2	0
8	R	0	-93	0
9	R	0	29	0
10	R	0	-6	0
11	R	0	10	0
12	R	0	-23	0
13	R	0	136	0
14	R	0	-129	0
15	R	0	-5	0
16	R	0	-113	0
17	R	0	-90	0	-140	0
18	R	0	-57	0
19	R	0	-84	0
20	R	0	-11	0
21	R	0	114	0
22	R	0	-35	0
23	R	0	-59	0
24	R	0	58	0
25	R	0	-99	0
26	R	0	38	0
27	R	0	14	87	0	88	0
28	R	0	-70	0
29	R	0	68	0
30	R	0	74	0
31	R	0	-30	0
32	R	0	-133	0
33	R	0	-118	0
34	R	0	-7	0
35	R	0	-1	-12	0
36	R	0	-121	0
37	R	0	-3	-147	0
38	R	0	-66	-77	0
39	R	0	48	0
40	R	0	146	0
41	R	0	144	0
42	R	0	-145	-47	0
43	R	0	-41	0
44	R	0	149	-51	0	122	0
45	R	0	-127	0
46	R	0	-63	0	-9	0
47	R	0	82	0
48	R	0	50	0
49	R	0	119	-100	0
50	R	0	69	22	0
51	R	0	86	0
52	R	0	-45	0
53	R	0	-141	0
54	R	0	-130	0
55	R	0	143	0
56	R	0	-17	0
57	R	0	123	0
58	R	0	-92	0

DAY = 5
1	R	0	-144	0
2	R	0	-56	0
3	R	0	-22	0
4	R	0	-148	0
5	R	0	-146	0
6	R	0	-52	0
7	R	0	-69	-82	0
8	R	0	-14	-38	0
9	R	0	-138	0
10	R	0	-88	0
11	R	0	-21	0
12	R	0	-131	0
13	R	0	-143	0
14	R	0	-149	0
15	R	0	-116	0
16	R	0	-10	-58	0
17	R	0	-87	0
18	R	0	-114	0
19	R	0	-126	0
20	R	0	-31	0
21	R	0	-62	0
22	R	0	-119	0	-132	0
23	R	0	-136	0
24	R	0	-135	0
25	R	0	-117	0
26	R	0	-111	0
27	R	0	-74	0
28	R	0	-98	0
29	R	0	-64	0
30	R	0	-24	0
31	R	0	-85	0
32	R	0	-53	0
33	R	0	-79	0
34	R	0	-29	0
35	R	0	-40	-125	0
36	R	0	-48	0
37	R	0	-86	0
38	R	0	-89	0
39	R	0	-54	0
40	R	0	-27	0
41	R	0	-18	0
42	R	0	-42	0
43	R	0	-16	-96	0
44	R	0	-50	0
45	R	0	-46	0
46	R	0	-139	0
47	R	0	-8	0
48	R	0	-65	0	-120	0
49	R	0	-110	0
50	R	0	-68	0
51	R	0	-73	0
52	R	0	-122	0
53	R	0	-123	0
54	R	0	-128	-2	0
55	R	0	-81	0
56	R	0	-76	0
57	R	0	-105	0
