DATASET = ORTEC Test Set
NAME = Instance 04

DAY = 1
1	R	0	35	0
2	R	0	90	0
3	R	0	49	127	0
4	R	0	3	0
5	R	0	41	0
6	R	0	80	0
7	R	0	141	0
8	R	0	133	0
9	R	0	60	0
10	R	0	66	0
11	R	0	84	0
12	R	0	7	0
13	R	0	112	0
14	R	0	95	0
15	R	0	34	0
16	R	0	78	0
17	R	0	63	81	0
18	R	0	12	0
19	R	0	134	125	0
20	R	0	32	0	92	0
21	R	0	87	0
22	R	0	20	0
23	R	0	39	89	0
24	R	0	77	0
25	R	0	102	0
26	R	0	72	0
27	R	0	5	0
28	R	0	59	0
29	R	0	17	0
30	R	0	15	0
31	R	0	11	0
32	R	0	70	0
33	R	0	62	0
34	R	0	50	0
35	R	0	57	0
36	R	0	36	0
37	R	0	38	0
38	R	0	148	0
39	R	0	145	0
40	R	0	30	129	0
41	R	0	43	0
42	R	0	94	0
43	R	0	140	124	0
44	R	0	28	0
45	R	0	31	0
46	R	0	91	0
47	R	0	126	0
48	R	0	47	0
49	R	0	23	0

DAY = 2
1	R	0	83	0
2	R	0	101	0
3	R	0	111	0
4	R	0	-91	0
5	R	0	113	0
6	R	0	51	0
7	R	0	1	0
8	R	0	8	0
9	R	0	65	109	0
10	R	0	53	0
11	R	0	16	0
12	R	0	26	0
13	R	0	128	0
14	R	0	25	0
15	R	0	-50	0
16	R	0	120	0
17	R	0	45	0
18	R	0	-87	0
19	R	0	143	0
20	R	0	115	0
21	R	0	52	0
22	R	0	-36	0
23	R	0	142	0
24	R	0	73	0
25	R	0	107	0
26	R	0	139	0
27	R	0	-38	0
28	R	0	85	0
29	R	0	67	33	0
30	R	0	64	0
31	R	0	118	0
32	R	0	79	0
33	R	0	42	0
34	R	0	105	0
35	R	0	46	0
36	R	0	147	55	61	0
37	R	0	117	0
38	R	0	116	0
39	R	0	44	0
40	R	0	106	0
41	R	0	131	0
42	R	0	130	0
43	R	0	40	0
44	R	0	13	0
45	R	0	144	0
46	R	0	-43	97	0	-78	0
47	R	0	99	0
48	R	0	-80	0
49	R	0	137	0
50	R	0	-95	0
51	R	0	56	0	93	0
52	R	0	-94	0
53	R	0	24	0

DAY = 3
1	R	0	71	0
2	R	0	-134	27	2	0
3	R	0	132	0
4	R	0	-124	0
5	R	0	76	0
6	R	0	-39	0
7	R	0	37	0
8	R	0	-112	0
9	R	0	-34	0
10	R	0	4	0
11	R	0	138	0
12	R	0	18	0
13	R	0	69	0
14	R	0	-83	0
15	R	0	122	0
16	R	0	-101	0
17	R	0	-102	98	0
18	R	0	-28	0
19	R	0	9	0
20	R	0	-109	0
21	R	0	-72	0
22	R	0	68	96	0
23	R	0	135	0
24	R	0	108	100	0
25	R	0	19	0
26	R	0	-15	0
27	R	0	121	0
28	R	0	-12	0
29	R	0	110	114	0
30	R	0	-143	0
31	R	0	74	0
32	R	0	-61	0
33	R	0	58	0
34	R	0	54	104	0
35	R	0	-1	-144	0
36	R	0	-20	0	103	0
37	R	0	150	0
38	R	0	75	-60	0
39	R	0	21	0
40	R	0	-115	0
41	R	0	6	0

DAY = 4
1	R	0	-17	0	-9	0
2	R	0	-127	-100	0
3	R	0	-24	0
4	R	0	-59	0
5	R	0	-63	14	0
6	R	0	-107	0
7	R	0	-129	0
8	R	0	22	0
9	R	0	-140	0
10	R	0	-70	0
11	R	0	29	0
12	R	0	-148	0
13	R	0	-58	0
14	R	0	-55	0
15	R	0	-13	0
16	R	0	-41	-77	0
17	R	0	-133	82	0
18	R	0	-126	0
19	R	0	119	0	136	0
20	R	0	-3	0
21	R	0	-69	0
22	R	0	-90	0
23	R	0	-4	0
24	R	0	-47	-142	0
25	R	0	149	-121	0
26	R	0	-62	0
27	R	0	-89	0
28	R	0	-23	0
29	R	0	-130	0
30	R	0	10	0
31	R	0	-81	0
32	R	0	-35	-46	0
33	R	0	-122	0
34	R	0	-97	0
35	R	0	-51	0
36	R	0	88	0
37	R	0	-141	0
38	R	0	-19	0
39	R	0	-150	146	0
40	R	0	-74	-93	0
41	R	0	-11	0
42	R	0	-49	0
43	R	0	-137	0
44	R	0	86	0
45	R	0	-125	0
46	R	0	-84	0
47	R	0	-66	0
48	R	0	-6	0
49	R	0	-68	-108	0
50	R	0	-75	-57	0
51	R	0	-7	0
52	R	0	-5	0
53	R	0	-114	0
54	R	0	48	0
55	R	0	-147	0	-2	0
56	R	0	-32	0
57	R	0	-106	0
58	R	0	-25	0
59	R	0	-30	0
60	R	0	-67	-44	0
61	R	0	-31	0
62	R	0	-145	0
63	R	0	-104	123	0
64	R	0	-92	0

DAY = 5
1	R	0	-21	0
2	R	0	-88	0
3	R	0	-82	-71	0
4	R	0	-76	0
5	R	0	-96	0
6	R	0	-146	0
7	R	0	-116	0
8	R	0	-105	0
9	R	0	-8	0
10	R	0	-119	0
11	R	0	-123	0
12	R	0	-26	0
13	R	0	-54	-14	0
14	R	0	-33	-18	0
15	R	0	-113	0	-79	0
16	R	0	-118	0
17	R	0	-111	0
18	R	0	-65	0
19	R	0	-135	0
20	R	0	-29	0
21	R	0	-56	0
22	R	0	-64	0
23	R	0	-45	0
24	R	0	-42	0
25	R	0	-85	0
26	R	0	-110	0
27	R	0	-149	0
28	R	0	-138	0
29	R	0	-136	0
30	R	0	-132	0
31	R	0	-73	-27	0
32	R	0	-139	0
33	R	0	-37	0
34	R	0	-128	0
35	R	0	-99	0
36	R	0	-86	0
37	R	0	-22	0
38	R	0	-52	0
39	R	0	-131	0
40	R	0	-53	0
41	R	0	-10	-48	0
42	R	0	-16	0
43	R	0	-98	0
44	R	0	-40	-117	0
45	R	0	-120	0
46	R	0	-103	0
