DATASET = ORTEC Test Set
NAME = Instance 03

DAY = 1
1	R	0	187	0
2	R	0	334	0
3	R	0	155	0
4	R	0	434	0
5	R	0	69	0
6	R	0	102	0
7	R	0	24	0
8	R	0	282	0
9	R	0	438	0
10	R	0	372	0
11	R	0	199	0
12	R	0	227	0
13	R	0	342	0
14	R	0	93	0
15	R	0	161	0
16	R	0	412	0
17	R	0	235	0
18	R	0	130	0
19	R	0	31	0
20	R	0	156	0
21	R	0	249	0
22	R	0	367	0
23	R	0	51	0
24	R	0	271	312	0
25	R	0	40	0

DAY = 2
1	R	0	-438	0
2	R	0	279	0
3	R	0	295	0
4	R	0	118	0
5	R	0	162	0
6	R	0	78	129	0
7	R	0	-161	0
8	R	0	35	0
9	R	0	248	0
10	R	0	325	-199	0
11	R	0	313	0
12	R	0	311	0
13	R	0	-51	0
14	R	0	310	0
15	R	0	-187	0
16	R	0	406	0
17	R	0	186	0
18	R	0	450	0
19	R	0	402	0
20	R	0	230	0
21	R	0	500	0
22	R	0	416	0
23	R	0	471	0
24	R	0	76	0
25	R	0	74	0
26	R	0	-40	0
27	R	0	337	0
28	R	0	338	0
29	R	0	-334	0
30	R	0	-227	0
31	R	0	17	0
32	R	0	121	0
33	R	0	331	0
34	R	0	268	0
35	R	0	328	0
36	R	0	389	0
37	R	0	49	0

DAY = 3
1	R	0	-249	0
2	R	0	-279	0
3	R	0	-74	0
4	R	0	375	0
5	R	0	83	0
6	R	0	352	0
7	R	0	454	0
8	R	0	-271	0
9	R	0	-313	0
10	R	0	55	0
11	R	0	316	0
12	R	0	223	0
13	R	0	-295	0
14	R	0	302	0
15	R	0	497	0
16	R	0	-235	0
17	R	0	424	0
18	R	0	82	0
19	R	0	36	0
20	R	0	176	-49	0
21	R	0	409	0
22	R	0	296	0	63	0
23	R	0	-434	0
24	R	0	-155	0
25	R	0	178	0
26	R	0	97	0
27	R	0	192	0
28	R	0	-325	0
29	R	0	-331	0
30	R	0	-118	0
31	R	0	241	0
32	R	0	226	0
33	R	0	351	0
34	R	0	-471	0
35	R	0	-121	0
36	R	0	447	0
37	R	0	378	0
38	R	0	-31	0
39	R	0	469	0
40	R	0	-310	0
41	R	0	-248	0
42	R	0	286	0
43	R	0	190	0
44	R	0	278	0
45	R	0	482	0
46	R	0	185	0

DAY = 4
1	R	0	486	0
2	R	0	413	0
3	R	0	255	0
4	R	0	-409	488	0
5	R	0	453	0
6	R	0	-278	0
7	R	0	289	0
8	R	0	-130	0
9	R	0	376	0
10	R	0	-17	0
11	R	0	-286	0
12	R	0	238	0
13	R	0	301	425	0
14	R	0	143	0
15	R	0	229	0
16	R	0	349	0
17	R	0	-316	0
18	R	0	246	0
19	R	0	266	0
20	R	0	-328	0
21	R	0	47	0
22	R	0	-83	0
23	R	0	-406	0
24	R	0	392	0
25	R	0	-342	0
26	R	0	257	0
27	R	0	269	0
28	R	0	-76	0
29	R	0	285	0
30	R	0	366	0
31	R	0	487	0
32	R	0	104	0
33	R	0	-372	0
34	R	0	-367	0
35	R	0	180	0
36	R	0	233	0
37	R	0	-93	0
38	R	0	395	0
39	R	0	-102	0
40	R	0	250	0
41	R	0	303	0
42	R	0	420	0
43	R	0	335	0
44	R	0	-156	0
45	R	0	-78	0
46	R	0	384	0
47	R	0	-482	0
48	R	0	94	0
49	R	0	-296	0
50	R	0	-282	0
51	R	0	216	0
52	R	0	236	0
53	R	0	-24	0
54	R	0	137	0
55	R	0	-268	0
56	R	0	-129	0
57	R	0	-337	0
58	R	0	-312	0
59	R	0	281	0
60	R	0	361	383	0
61	R	0	225	0
62	R	0	27	0
63	R	0	373	0
64	R	0	-412	0
65	R	0	112	0
66	R	0	-69	0
67	R	0	274	0
68	R	0	136	0
69	R	0	169	0

DAY = 5
1	R	0	321	0
2	R	0	-424	0
3	R	0	-238	0
4	R	0	-241	0
5	R	0	-269	0
6	R	0	332	0
7	R	0	-229	0
8	R	0	-454	0
9	R	0	-311	0
10	R	0	-384	0
11	R	0	-186	0
12	R	0	48	0
13	R	0	-413	0
14	R	0	-392	0
15	R	0	-373	0
16	R	0	480	0
17	R	0	-402	0
18	R	0	191	0
19	R	0	-338	0
20	R	0	-230	0
21	R	0	300	0
22	R	0	427	0
23	R	0	-35	0
24	R	0	-162	0
25	R	0	345	0
26	R	0	396	0
27	R	0	-378	0
28	R	0	-450	0
29	R	0	140	0
30	R	0	109	0
31	R	0	-349	0
32	R	0	355	0
33	R	0	-389	0
34	R	0	370	0
35	R	0	-223	0
36	R	0	293	0
37	R	0	-185	0
38	R	0	221	0
39	R	0	360	0
40	R	0	206	0
41	R	0	44	0
42	R	0	-486	358	0	-55	0
43	R	0	456	0
44	R	0	41	0
45	R	0	153	0
46	R	0	141	0
47	R	0	-178	0
48	R	0	-82	0
49	R	0	-416	0
50	R	0	103	0
51	R	0	-226	0
52	R	0	19	0
53	R	0	-246	0
54	R	0	-500	0
55	R	0	124	0
56	R	0	441	0
57	R	0	222	0
58	R	0	-176	0
59	R	0	374	0
60	R	0	45	0
61	R	0	442	0
62	R	0	84	0
63	R	0	346	0
64	R	0	-376	0
65	R	0	-447	0
66	R	0	-497	0
67	R	0	341	0
68	R	0	228	0
69	R	0	-469	0
70	R	0	407	0
71	R	0	299	0
72	R	0	264	0
73	R	0	-361	0
74	R	0	148	0
75	R	0	280	0
76	R	0	88	0

DAY = 6
1	R	0	-302	7	0
2	R	0	-250	0
3	R	0	203	0
4	R	0	344	0
5	R	0	171	0
6	R	0	-153	0
7	R	0	-375	0
8	R	0	-109	0
9	R	0	173	10	0
10	R	0	46	0
11	R	0	-335	0
12	R	0	314	0
13	R	0	160	0
14	R	0	209	0
15	R	0	-352	0	253	0
16	R	0	-285	0
17	R	0	317	0
18	R	0	-255	0
19	R	0	-143	0
20	R	0	-136	0
21	R	0	-346	0
22	R	0	-280	0
23	R	0	96	0
24	R	0	-233	0
25	R	0	478	0
26	R	0	327	0
27	R	0	154	34	0
28	R	0	-36	0
29	R	0	468	0
30	R	0	214	0
31	R	0	-293	0
32	R	0	305	0
33	R	0	75	0
34	R	0	462	0
35	R	0	-456	0
36	R	0	-141	0
37	R	0	99	0
38	R	0	-169	0
39	R	0	339	0
40	R	0	-488	0
41	R	0	-19	0
42	R	0	5	0
43	R	0	-274	0
44	R	0	399	0
45	R	0	-190	0
46	R	0	397	-180	0
47	R	0	324	0
48	R	0	292	0
49	R	0	-321	0
50	R	0	127	0
51	R	0	80	0
52	R	0	117	0
53	R	0	145	0
54	R	0	464	0
55	R	0	-425	0
56	R	0	495	0
57	R	0	422	0
58	R	0	-351	0
59	R	0	371	0
60	R	0	-216	0
61	R	0	198	0
62	R	0	493	0
63	R	0	-104	0	-112	0
64	R	0	119	0
65	R	0	-97	0
66	R	0	-332	0
67	R	0	-427	0
68	R	0	-192	0
69	R	0	315	0
70	R	0	188	0
71	R	0	-63	0
72	R	0	290	0
73	R	0	95	0
74	R	0	-225	0
75	R	0	218	0

DAY = 7
1	R	0	-399	0
2	R	0	89	0
3	R	0	-221	0
4	R	0	29	0
5	R	0	347	0
6	R	0	-45	0
7	R	0	57	0
8	R	0	21	0
9	R	0	-301	0
10	R	0	139	0
11	R	0	-290	0
12	R	0	122	0
13	R	0	426	0
14	R	0	-94	0
15	R	0	234	0
16	R	0	288	0
17	R	0	309	0
18	R	0	-292	0
19	R	0	-345	0
20	R	0	240	0
21	R	0	403	0
22	R	0	276	0
23	R	0	-47	0
24	R	0	120	0
25	R	0	498	0	458	0
26	R	0	9	0
27	R	0	-422	0
28	R	0	-103	0
29	R	0	-289	-88	0
30	R	0	-453	0
31	R	0	142	0
32	R	0	-305	0
33	R	0	13	0
34	R	0	-95	0
35	R	0	-360	0
36	R	0	-148	0
37	R	0	243	0
38	R	0	-464	0
39	R	0	-395	0
40	R	0	-420	0	-366	0
41	R	0	-495	0
42	R	0	306	0
43	R	0	-339	0
44	R	0	391	0
45	R	0	71	0
46	R	0	-137	0
47	R	0	106	0
48	R	0	-46	0
49	R	0	-266	0
50	R	0	54	0
51	R	0	-124	0
52	R	0	283	0
53	R	0	-257	0
54	R	0	449	0
55	R	0	113	0
56	R	0	432	0
57	R	0	175	0
58	R	0	168	0
59	R	0	494	0
60	R	0	365	0
61	R	0	491	0
62	R	0	37	0
63	R	0	-383	0
64	R	0	-341	0
65	R	0	-281	0
66	R	0	86	0
67	R	0	114	0
68	R	0	308	0
69	R	0	-173	0
70	R	0	477	0
71	R	0	-206	0
72	R	0	-303	0
73	R	0	-209	0
74	R	0	-358	0
75	R	0	-34	0
76	R	0	-27	0
77	R	0	181	0
78	R	0	183	0
79	R	0	26	0
80	R	0	-96	167	0
81	R	0	193	0
82	R	0	333	0
83	R	0	381	0	359	0
84	R	0	-487	0
85	R	0	-160	0
86	R	0	-344	0
87	R	0	-236	0
88	R	0	-480	0
89	R	0	-222	0
90	R	0	404	0
91	R	0	170	0
92	R	0	393	0
93	R	0	267	0

DAY = 8
1	R	0	-442	0
2	R	0	224	0
3	R	0	110	0
4	R	0	-127	0
5	R	0	-477	0
6	R	0	-468	-193	0
7	R	0	263	0
8	R	0	-299	0
9	R	0	123	0
10	R	0	-218	0
11	R	0	90	0
12	R	0	182	0
13	R	0	11	0
14	R	0	-44	457	0
15	R	0	-183	0
16	R	0	60	0
17	R	0	-371	0
18	R	0	-300	0
19	R	0	-80	0
20	R	0	-84	0
21	R	0	42	0
22	R	0	30	0
23	R	0	405	0
24	R	0	455	0
25	R	0	445	0
26	R	0	-7	22	0
27	R	0	85	0
28	R	0	-359	0
29	R	0	-374	0
30	R	0	-228	0
31	R	0	-234	0
32	R	0	-253	0
33	R	0	-441	0
34	R	0	382	0
35	R	0	-407	0
36	R	0	201	0
37	R	0	297	0
38	R	0	-404	0
39	R	0	-114	0
40	R	0	463	0
41	R	0	-396	0
42	R	0	-71	0
43	R	0	433	0
44	R	0	172	0
45	R	0	499	0
46	R	0	369	0
47	R	0	73	0
48	R	0	465	0
49	R	0	-41	0
50	R	0	379	0
51	R	0	-191	0
52	R	0	-283	0
53	R	0	330	0
54	R	0	-140	0
55	R	0	252	0
56	R	0	-426	0
57	R	0	125	0
58	R	0	258	0
59	R	0	-327	0
60	R	0	400	0
61	R	0	-89	0
62	R	0	474	-478	0
63	R	0	-198	0
64	R	0	38	0
65	R	0	-10	0
66	R	0	459	0
67	R	0	12	0
68	R	0	-370	0
69	R	0	467	0
70	R	0	-355	0
71	R	0	485	0
72	R	0	-393	195	0
73	R	0	98	0
74	R	0	-403	260	0
75	R	0	350	0
76	R	0	-54	0
77	R	0	418	0
78	R	0	81	0
79	R	0	-57	0
80	R	0	-264	0
81	R	0	43	0
82	R	0	-462	0
83	R	0	-315	0
84	R	0	-48	0
85	R	0	489	0
86	R	0	70	0

DAY = 9
1	R	0	398	0
2	R	0	448	0
3	R	0	-474	0
4	R	0	-317	0
5	R	0	-499	0
6	R	0	-110	0
7	R	0	-98	0
8	R	0	363	0
9	R	0	-330	0
10	R	0	-117	0
11	R	0	231	0
12	R	0	184	0
13	R	0	200	0
14	R	0	-99	0
15	R	0	-306	0
16	R	0	-29	0
17	R	0	254	0
18	R	0	287	0
19	R	0	484	0
20	R	0	440	-42	0
21	R	0	-12	0
22	R	0	25	0
23	R	0	126	-70	0
24	R	0	-432	0
25	R	0	-85	0
26	R	0	14	0	-493	0
27	R	0	-260	0
28	R	0	152	0
29	R	0	-120	-297	0
30	R	0	-119	0
31	R	0	-214	0
32	R	0	134	0
33	R	0	144	0
34	R	0	-243	0
35	R	0	237	0
36	R	0	-350	0
37	R	0	-258	-5	0
38	R	0	6	0
39	R	0	177	0
40	R	0	272	0
41	R	0	62	0
42	R	0	-459	0
43	R	0	-333	0
44	R	0	-26	0
45	R	0	277	0
46	R	0	151	0
47	R	0	-498	0
48	R	0	-324	0
49	R	0	66	0
50	R	0	208	0
51	R	0	-170	0
52	R	0	-75	0
53	R	0	3	0
54	R	0	481	0
55	R	0	-188	0
56	R	0	431	0
57	R	0	-465	0
58	R	0	244	0
59	R	0	1	0
60	R	0	111	0
61	R	0	179	0
62	R	0	-203	0
63	R	0	-309	0
64	R	0	205	0
65	R	0	135	0
66	R	0	196	0
67	R	0	-369	0
68	R	0	-113	0
69	R	0	357	0
70	R	0	-397	0
71	R	0	18	0
72	R	0	-276	0
73	R	0	-267	0
74	R	0	-154	0
75	R	0	16	0
76	R	0	490	0
77	R	0	380	0
78	R	0	-381	0
79	R	0	-418	0
80	R	0	-171	0
81	R	0	219	0
82	R	0	-30	0	-145	0
83	R	0	251	0
84	R	0	-491	0
85	R	0	-201	0
86	R	0	174	0
87	R	0	284	0
88	R	0	-463	0
89	R	0	423	0
90	R	0	-314	0

DAY = 10
1	R	0	414	0
2	R	0	-490	0
3	R	0	-81	0
4	R	0	-111	0
5	R	0	-365	0
6	R	0	-13	0
7	R	0	131	0
8	R	0	-272	0
9	R	0	-440	0
10	R	0	291	0
11	R	0	421	0
12	R	0	-18	0
13	R	0	428	0
14	R	0	-263	0
15	R	0	-181	0
16	R	0	385	0
17	R	0	-391	0
18	R	0	15	0
19	R	0	-1	0
20	R	0	28	0
21	R	0	150	0
22	R	0	417	-90	0
23	R	0	261	0
24	R	0	108	0
25	R	0	59	0
26	R	0	-288	0
27	R	0	410	0
28	R	0	-382	0
29	R	0	419	0
30	R	0	-405	0
31	R	0	-357	0
32	R	0	-177	0
33	R	0	207	0
34	R	0	-363	0
35	R	0	-484	0
36	R	0	-448	0
37	R	0	262	0
38	R	0	-380	0
39	R	0	273	0
40	R	0	408	0
41	R	0	-287	0
42	R	0	163	0
43	R	0	-347	0
44	R	0	390	0
45	R	0	115	0
46	R	0	-494	0
47	R	0	-9	0
48	R	0	67	0
49	R	0	401	0
50	R	0	-182	0
51	R	0	157	0
52	R	0	-139	0
53	R	0	-251	0
54	R	0	-308	0
55	R	0	-175	0
56	R	0	-445	439	0
57	R	0	65	0
58	R	0	-60	0
59	R	0	165	0
60	R	0	107	0
61	R	0	-168	0
62	R	0	-22	0
63	R	0	-167	0
64	R	0	-489	0
65	R	0	53	0
66	R	0	-240	0
67	R	0	-237	0
68	R	0	-449	0
69	R	0	133	0
70	R	0	-458	0
71	R	0	-21	0
72	R	0	-224	0
73	R	0	387	-134	0
74	R	0	-174	0
75	R	0	-142	0
76	R	0	8	0
77	R	0	132	0
78	R	0	105	0
79	R	0	-467	0
80	R	0	-122	0
81	R	0	64	0
82	R	0	-37	0
83	R	0	-86	0
84	R	0	-38	79	0
85	R	0	-152	0
86	R	0	326	-106	0
87	R	0	-379	0
88	R	0	50	0
89	R	0	476	0

DAY = 11
1	R	0	-195	0
2	R	0	20	0
3	R	0	-207	0
4	R	0	-65	0
5	R	0	247	0
6	R	0	-196	0
7	R	0	-15	0
8	R	0	-59	0
9	R	0	-64	0
10	R	0	354	0
11	R	0	362	0
12	R	0	52	0
13	R	0	-485	0
14	R	0	215	0
15	R	0	128	0
16	R	0	-73	0
17	R	0	323	-11	0
18	R	0	-387	0
19	R	0	386	0
20	R	0	91	0
21	R	0	232	0
22	R	0	202	0
23	R	0	-165	0
24	R	0	343	0
25	R	0	256	0
26	R	0	336	0
27	R	0	-123	0
28	R	0	-172	0
29	R	0	-144	0
30	R	0	-433	0
31	R	0	377	0
32	R	0	364	0
33	R	0	210	0
34	R	0	388	0
35	R	0	-66	0
36	R	0	319	0
37	R	0	-457	0
38	R	0	101	0
39	R	0	220	0
40	R	0	-476	0
41	R	0	-125	0
42	R	0	211	0
43	R	0	265	0
44	R	0	-455	0
45	R	0	-184	0
46	R	0	452	0
47	R	0	-43	0
48	R	0	-400	0	77	0
49	R	0	212	0
50	R	0	-398	0
51	R	0	443	0
52	R	0	-157	0
53	R	0	470	0
54	R	0	275	0
55	R	0	320	0
56	R	0	-254	0
57	R	0	-133	0
58	R	0	259	0
59	R	0	242	0
60	R	0	239	0
61	R	0	-151	0
62	R	0	147	0
63	R	0	492	0
64	R	0	2	0
65	R	0	204	0
66	R	0	-421	0
67	R	0	473	0
68	R	0	430	0
69	R	0	32	0
70	R	0	307	0
71	R	0	-252	0
72	R	0	340	0
73	R	0	479	0
74	R	0	322	0
75	R	0	411	0
76	R	0	-326	0
77	R	0	-3	0
78	R	0	92	0
79	R	0	87	0
80	R	0	-419	0
81	R	0	-439	0

DAY = 12
1	R	0	149	0
2	R	0	-202	0
3	R	0	-219	0
4	R	0	72	0
5	R	0	-220	0
6	R	0	197	0
7	R	0	368	0
8	R	0	146	0
9	R	0	-179	0
10	R	0	466	0
11	R	0	-364	0
12	R	0	-247	0
13	R	0	-204	0
14	R	0	446	0
15	R	0	-401	0
16	R	0	4	0
17	R	0	-215	0
18	R	0	68	0
19	R	0	159	0
20	R	0	-131	0
21	R	0	138	0
22	R	0	-423	0
23	R	0	-428	0
24	R	0	-14	0
25	R	0	-28	0
26	R	0	-479	0
27	R	0	-262	429	-50	0
28	R	0	194	0
29	R	0	475	0
30	R	0	-53	0
31	R	0	356	-115	0
32	R	0	-200	0
33	R	0	217	0
34	R	0	-62	0
35	R	0	483	0
36	R	0	348	0
37	R	0	-244	0
38	R	0	-208	0
39	R	0	-473	0
40	R	0	-105	0
41	R	0	329	0
42	R	0	394	0
43	R	0	-336	0
44	R	0	472	0
45	R	0	-132	0
46	R	0	451	0	-32	0
47	R	0	-481	0
48	R	0	-25	0
49	R	0	-323	0
50	R	0	318	0
51	R	0	116	0
52	R	0	-231	0
53	R	0	-284	0
54	R	0	-163	0
55	R	0	-410	0
56	R	0	-452	0
57	R	0	304	0
58	R	0	-390	0
59	R	0	-126	0
60	R	0	-135	0
61	R	0	-417	0
62	R	0	-108	0
63	R	0	-107	0
64	R	0	-205	0
65	R	0	33	0
66	R	0	-319	0
67	R	0	-277	0
68	R	0	-16	0
69	R	0	61	0
70	R	0	-67	0
71	R	0	-431	0
72	R	0	166	0
73	R	0	437	0
74	R	0	415	0
75	R	0	-265	0
76	R	0	-6	0
77	R	0	-256	0

DAY = 13
1	R	0	-4	0
2	R	0	-194	0
3	R	0	164	0
4	R	0	-239	0
5	R	0	189	0
6	R	0	-166	0
7	R	0	-8	0
8	R	0	-385	0
9	R	0	496	0
10	R	0	58	0
11	R	0	-343	0
12	R	0	245	0
13	R	0	-33	0
14	R	0	213	0
15	R	0	-91	0
16	R	0	-147	0
17	R	0	353	0
18	R	0	461	0
19	R	0	-138	0
20	R	0	270	0
21	R	0	-377	0
22	R	0	-307	0
23	R	0	-362	0
24	R	0	-273	0
25	R	0	-291	0
26	R	0	100	0
27	R	0	444	0
28	R	0	158	0
29	R	0	-159	460	0
30	R	0	-451	0
31	R	0	-79	0
32	R	0	-275	0
33	R	0	-443	0
34	R	0	-318	0
35	R	0	-466	0
36	R	0	-210	0
37	R	0	-212	0
38	R	0	-217	0
39	R	0	-492	0
40	R	0	23	0
41	R	0	-415	0
42	R	0	435	0
43	R	0	-386	0
44	R	0	-414	0
45	R	0	-368	0
46	R	0	-61	0
47	R	0	-408	0
48	R	0	39	0
49	R	0	-72	0
50	R	0	-52	0
51	R	0	-261	0
52	R	0	-232	0
53	R	0	298	0
54	R	0	-304	0
55	R	0	-348	0
56	R	0	-101	0
57	R	0	-150	0

DAY = 14
1	R	0	-128	0
2	R	0	-20	0
3	R	0	-446	0
4	R	0	-245	0
5	R	0	-39	0
6	R	0	-472	0
7	R	0	-270	0
8	R	0	-460	0
9	R	0	-444	0
10	R	0	-116	0
11	R	0	-92	0
12	R	0	-411	0
13	R	0	-475	0
14	R	0	-259	0
15	R	0	-211	0
16	R	0	-100	0
17	R	0	-388	0
18	R	0	-461	0
19	R	0	-68	0
20	R	0	-158	0
21	R	0	-77	0
22	R	0	-470	0
23	R	0	-483	0
24	R	0	-340	0
25	R	0	436	0
26	R	0	-242	0
27	R	0	-320	0
28	R	0	-394	0
29	R	0	-23	0
30	R	0	-354	0
31	R	0	-430	0
32	R	0	-87	0
33	R	0	-429	0
34	R	0	-322	0
35	R	0	-58	0
36	R	0	294	0
37	R	0	56	0
38	R	0	-298	0
39	R	0	-2	0

DAY = 15
1	R	0	-437	0
2	R	0	-56	0
3	R	0	-164	0
4	R	0	-189	-436	0
5	R	0	-496	0
6	R	0	-356	0
7	R	0	-213	0
8	R	0	-353	0
9	R	0	-435	0
10	R	0	-197	0
11	R	0	-329	0
12	R	0	-294	0
13	R	0	-149	0
14	R	0	-146	0
