DATASET = ORTEC Test Set
NAME = Instance 01

DAY = 1
1	R	0	77	0
2	R	0	113	0
3	R	0	8	0
4	R	0	142	0
5	R	0	94	0
6	R	0	59	0	118	0
7	R	0	106	0
8	R	0	134	0
9	R	0	84	0
10	R	0	5	0
11	R	0	41	0
12	R	0	71	0
13	R	0	140	0
14	R	0	72	0
15	R	0	3	33	0
16	R	0	83	0
17	R	0	54	0
18	R	0	124	141	0
19	R	0	57	0
20	R	0	111	129	0
21	R	0	70	0
22	R	0	23	0
23	R	0	20	0
24	R	0	49	0
25	R	0	32	0
26	R	0	107	0
27	R	0	36	0
28	R	0	81	0
29	R	0	126	0
30	R	0	150	0
31	R	0	27	0
32	R	0	103	0
33	R	0	65	0
34	R	0	31	0
35	R	0	15	0
36	R	0	7	0
37	R	0	66	0	148	0
38	R	0	63	0
39	R	0	60	0
40	R	0	35	0
41	R	0	99	0
42	R	0	89	0
43	R	0	145	0
44	R	0	45	0
45	R	0	17	0
46	R	0	30	0
47	R	0	47	0
48	R	0	112	0
49	R	0	44	0
50	R	0	117	0
51	R	0	133	0
52	R	0	125	0
53	R	0	11	0
54	R	0	104	0
55	R	0	92	0
56	R	0	12	0
57	R	0	95	0
58	R	0	127	0
59	R	0	34	0
60	R	0	85	97	0
61	R	0	102	0
62	R	0	80	0
63	R	0	26	0
64	R	0	39	62	0
65	R	0	137	0
66	R	0	28	64	0	90	0

DAY = 2
1	R	0	61	0
2	R	0	105	0
3	R	0	-80	0
4	R	0	46	0
5	R	0	-104	0
6	R	0	116	0
7	R	0	-150	0
8	R	0	53	0
9	R	0	120	0
10	R	0	79	0
11	R	0	10	0
12	R	0	1	0
13	R	0	25	0
14	R	0	40	0
15	R	0	-95	0
16	R	0	147	0
17	R	0	-94	0
18	R	0	139	0
19	R	0	109	0
20	R	0	16	0
21	R	0	42	0
22	R	0	52	0
23	R	0	56	0
24	R	0	131	0
25	R	0	93	0
26	R	0	130	0
27	R	0	96	0
28	R	0	-36	0
29	R	0	73	0
30	R	0	-83	0
31	R	0	128	0

DAY = 3
1	R	0	-28	0
2	R	0	98	0
3	R	0	2	0
4	R	0	18	21	0
5	R	0	-10	0
6	R	0	55	0
7	R	0	-27	0
8	R	0	-97	0
9	R	0	-124	0
10	R	0	-137	0
11	R	0	-39	0
12	R	0	-103	0
13	R	0	-44	0
14	R	0	121	-106	0
15	R	0	-15	0
16	R	0	132	0
17	R	0	24	0
18	R	0	-34	0
19	R	0	75	76	-142	0
20	R	0	-71	0
21	R	0	138	0
22	R	0	135	-112	0
23	R	0	-109	0
24	R	0	51	0
25	R	0	6	0
26	R	0	13	0
27	R	0	67	0
28	R	0	100	115	0
29	R	0	-102	0
30	R	0	-107	0
31	R	0	-12	0
32	R	0	-60	0
33	R	0	110	0
34	R	0	-61	-72	0
35	R	0	-1	0
36	R	0	-20	0
37	R	0	37	0
38	R	0	-54	0
39	R	0	-134	9	0

DAY = 4
1	R	0	-45	0
2	R	0	-66	0
3	R	0	22	0
4	R	0	-111	-92	0
5	R	0	-126	0
6	R	0	-117	0
7	R	0	-3	-133	0
8	R	0	48	0
9	R	0	-30	0
10	R	0	78	0
11	R	0	-129	0
12	R	0	-130	0
13	R	0	-31	0
14	R	0	114	0
15	R	0	149	0
16	R	0	-23	0
17	R	0	68	0
18	R	0	-84	0
19	R	0	29	0
20	R	0	43	0
21	R	0	-127	0
22	R	0	-147	0
23	R	0	-121	0
24	R	0	74	0
25	R	0	14	-145	0
26	R	0	-125	0
27	R	0	-5	0
28	R	0	-59	0
29	R	0	-75	0
30	R	0	-26	0
31	R	0	91	0
32	R	0	122	0
33	R	0	-11	-100	0
34	R	0	144	-25	38	0
35	R	0	69	-33	0
36	R	0	-47	0
37	R	0	87	0
38	R	0	-2	0
39	R	0	-32	-99	0
40	R	0	-62	0
41	R	0	-118	0
42	R	0	86	-141	0
43	R	0	19	0
44	R	0	-148	0
45	R	0	-93	0
46	R	0	-8	0
47	R	0	-115	0
48	R	0	101	0
49	R	0	-113	0
50	R	0	-70	0
51	R	0	-49	-85	0
52	R	0	4	0
53	R	0	-96	0
54	R	0	-9	0
55	R	0	-6	0
56	R	0	58	0
57	R	0	-64	0
58	R	0	82	50	0
59	R	0	-77	0
60	R	0	-35	0
61	R	0	-81	0
62	R	0	123	0
63	R	0	-63	-90	0
64	R	0	143	0
65	R	0	108	0
66	R	0	146	0
67	R	0	-57	-140	88	0
68	R	0	-7	0	-17	0
69	R	0	-89	0
70	R	0	-65	119	0
71	R	0	-41	0
72	R	0	-46	0
73	R	0	136	0

DAY = 5
1	R	0	-78	0
2	R	0	-116	0
3	R	0	-135	0
4	R	0	-73	-76	-87	0
5	R	0	-132	0
6	R	0	-24	0
7	R	0	-68	0
8	R	0	-4	-40	0
9	R	0	-56	0
10	R	0	-67	-105	0
11	R	0	-53	0
12	R	0	-146	0
13	R	0	-98	0
14	R	0	-139	0
15	R	0	-22	0
16	R	0	-88	0
17	R	0	-114	0
18	R	0	-86	0
19	R	0	-19	-55	0
20	R	0	-37	0
21	R	0	-122	0
22	R	0	-149	0
23	R	0	-136	0	-120	0
24	R	0	-42	0
25	R	0	-131	0
26	R	0	-119	0
27	R	0	-128	0
28	R	0	-143	0
29	R	0	-82	0
30	R	0	-18	0
31	R	0	-14	0
32	R	0	-21	-79	0
33	R	0	-16	0
34	R	0	-91	0
35	R	0	-138	0
36	R	0	-51	0
37	R	0	-48	0
38	R	0	-69	0
39	R	0	-29	0
40	R	0	-74	0
41	R	0	-123	0
42	R	0	-108	0
43	R	0	-38	0
44	R	0	-144	0
45	R	0	-13	0
46	R	0	-58	0
47	R	0	-110	0
48	R	0	-43	0
49	R	0	-50	0
50	R	0	-52	0
51	R	0	-101	0
