DATASET = ORTEC Test Set
NAME = Instance 01

DAY = 1
1	R	0	77	0
2	R	0	66	0
3	R	0	141	0
4	R	0	84	30	0
5	R	0	101	0
6	R	0	90	0
7	R	0	98	0
8	R	0	106	0
9	R	0	65	0
10	R	0	127	47	0
11	R	0	112	0
12	R	0	94	32	0
13	R	0	39	0
14	R	0	72	0
15	R	0	126	44	0
16	R	0	34	0
17	R	0	15	0
18	R	0	17	0
19	R	0	137	0
20	R	0	140	0
21	R	0	45	0
22	R	0	145	38	0
23	R	0	35	0
24	R	0	78	0
25	R	0	142	41	0
26	R	0	95	0
27	R	0	23	0
28	R	0	107	0
29	R	0	92	0
30	R	0	134	0
31	R	0	71	0
32	R	0	125	85	0
33	R	0	11	0
34	R	0	124	0
35	R	0	7	0
36	R	0	8	0
37	R	0	102	0
38	R	0	5	0
39	R	0	36	0
40	R	0	59	0
41	R	0	133	0
42	R	0	27	0
43	R	0	80	0
44	R	0	118	0
45	R	0	64	0

DAY = 2
1	R	0	1	0
2	R	0	130	0
3	R	0	99	0
4	R	0	110	0
5	R	0	-78	0
6	R	0	56	0
7	R	0	117	40	0
8	R	0	43	12	0
9	R	0	42	0
10	R	0	3	0
11	R	0	89	0
12	R	0	74	0
13	R	0	79	0
14	R	0	97	0
15	R	0	128	0
16	R	0	131	0
17	R	0	60	0
18	R	0	57	0
19	R	0	-36	103	0
20	R	0	108	0
21	R	0	129	139	0
22	R	0	10	0
23	R	0	-94	0
24	R	0	53	0
25	R	0	120	0
26	R	0	113	0
27	R	0	63	0
28	R	0	-38	0
29	R	0	70	0
30	R	0	26	0
31	R	0	111	0
32	R	0	62	0
33	R	0	28	0
34	R	0	67	0
35	R	0	13	0
36	R	0	61	0
37	R	0	50	0
38	R	0	25	96	0
39	R	0	16	0
40	R	0	49	105	0
41	R	0	148	-101	0
42	R	0	147	31	91	0
43	R	0	58	0
44	R	0	87	0
45	R	0	93	0
46	R	0	116	0
47	R	0	83	0
48	R	0	46	73	0
49	R	0	109	-95	0
50	R	0	52	0
51	R	0	-80	0
52	R	0	33	0
53	R	0	81	0
54	R	0	132	0
55	R	0	54	0

DAY = 3
1	R	0	-109	0
2	R	0	-106	0
3	R	0	-34	0
4	R	0	-15	24	0
5	R	0	123	0
6	R	0	114	0
7	R	0	68	0
8	R	0	-27	0
9	R	0	9	0
10	R	0	115	104	0
11	R	0	4	20	0
12	R	0	-108	0
13	R	0	121	0
14	R	0	-39	0
15	R	0	-50	0
16	R	0	-72	0
17	R	0	-74	0
18	R	0	21	-87	0
19	R	0	135	0
20	R	0	-102	0
21	R	0	138	-44	0
22	R	0	18	0
23	R	0	6	0
24	R	0	100	0
25	R	0	-91	76	0
26	R	0	-137	0
27	R	0	51	0
28	R	0	-134	0
29	R	0	2	0
30	R	0	37	0
31	R	0	143	0
32	R	0	150	0
33	R	0	-1	0
34	R	0	146	-71	0
35	R	0	-142	0
36	R	0	-43	0
37	R	0	-10	0
38	R	0	-124	0
39	R	0	75	0
40	R	0	-112	0
41	R	0	-83	0
42	R	0	-58	0
43	R	0	-107	0
44	R	0	-61	0
45	R	0	55	0
46	R	0	-98	0

DAY = 4
1	R	0	-132	0
2	R	0	82	-12	0
3	R	0	-118	0
4	R	0	-25	0
5	R	0	-141	-114	0
6	R	0	48	0
7	R	0	-100	0
8	R	0	-97	0
9	R	0	-65	0
10	R	0	86	0
11	R	0	-23	0
12	R	0	-145	-133	0
13	R	0	-28	0
14	R	0	-96	0
15	R	0	-68	0
16	R	0	-35	0
17	R	0	-127	0
18	R	0	-54	0
19	R	0	119	0
20	R	0	-30	-85	0
21	R	0	-67	0
22	R	0	144	0
23	R	0	136	0
24	R	0	14	0
25	R	0	-84	0
26	R	0	-147	0
27	R	0	19	0
28	R	0	-143	0
29	R	0	-4	0
30	R	0	-130	0
31	R	0	-60	0	29	0
32	R	0	-32	0
33	R	0	69	0
34	R	0	-47	0
35	R	0	88	0
36	R	0	-110	0
37	R	0	-45	0
38	R	0	-2	0
39	R	0	-125	0
40	R	0	149	0
41	R	0	-75	0
42	R	0	-6	0
43	R	0	-90	0
44	R	0	-77	0
45	R	0	122	0
46	R	0	-5	0
47	R	0	-66	0
48	R	0	22	0
49	R	0	-123	0
50	R	0	-11	0
51	R	0	-146	0
52	R	0	-103	0
53	R	0	-115	0
54	R	0	-7	-64	0
55	R	0	-17	0
56	R	0	-150	-13	0
57	R	0	-59	0
58	R	0	-41	0
59	R	0	-93	0	-121	0
60	R	0	-126	0	-46	0
61	R	0	-9	0
62	R	0	-104	0
63	R	0	-8	0
64	R	0	-140	0
65	R	0	-92	0

DAY = 5
1	R	0	-42	0
2	R	0	-111	-21	0
3	R	0	-31	0
4	R	0	-148	0
5	R	0	-79	0
6	R	0	-26	0
7	R	0	-48	0
8	R	0	-69	0
9	R	0	-70	-122	0
10	R	0	-55	0
11	R	0	-117	0
12	R	0	-81	0
13	R	0	-63	0
14	R	0	-149	0
15	R	0	-24	0
16	R	0	-51	0
17	R	0	-129	0
18	R	0	-62	0
19	R	0	-131	0
20	R	0	-3	0
21	R	0	-16	0
22	R	0	-139	-33	0
23	R	0	-135	0
24	R	0	-76	0
25	R	0	-73	0
26	R	0	-128	0
27	R	0	-86	-53	0
28	R	0	-120	0
29	R	0	-52	0
30	R	0	-57	0
31	R	0	-49	0
32	R	0	-29	0
33	R	0	-56	0
34	R	0	-40	0
35	R	0	-119	-37	0
36	R	0	-19	0
37	R	0	-82	0
38	R	0	-20	0
39	R	0	-88	0
40	R	0	-136	0
41	R	0	-105	0
42	R	0	-138	0
43	R	0	-22	0
44	R	0	-99	0
45	R	0	-89	0
46	R	0	-14	0
47	R	0	-113	0
48	R	0	-144	0
49	R	0	-116	-18	0
