DATASET = ORTEC Test Set
NAME = Instance 06

DAY = 1
1	R	0	256	0
2	R	0	193	0
3	R	0	268	0
4	R	0	20	0	384	0
5	R	0	312	0
6	R	0	283	0
7	R	0	342	0
8	R	0	43	0
9	R	0	321	0
10	R	0	455	0
11	R	0	59	0
12	R	0	468	0
13	R	0	434	0
14	R	0	454	0
15	R	0	450	0
16	R	0	238	0
17	R	0	167	0
18	R	0	291	0
19	R	0	309	0
20	R	0	378	0
21	R	0	335	0
22	R	0	415	0
23	R	0	262	0
24	R	0	84	0
25	R	0	112	0
26	R	0	5	0	426	0
27	R	0	235	0
28	R	0	272	0
29	R	0	278	0
30	R	0	141	0
31	R	0	248	0
32	R	0	453	0
33	R	0	68	0
34	R	0	15	0
35	R	0	223	0
36	R	0	131	0
37	R	0	474	0
38	R	0	219	0
39	R	0	63	0
40	R	0	67	0
41	R	0	339	0
42	R	0	265	0
43	R	0	156	0
44	R	0	179	0
45	R	0	166	0
46	R	0	448	0
47	R	0	142	0
48	R	0	181	0
49	R	0	147	0
50	R	0	469	0
51	R	0	381	0
52	R	0	163	0
53	R	0	143	0
54	R	0	413	0
55	R	0	135	0
56	R	0	433	0
57	R	0	350	0
58	R	0	471	0
59	R	0	451	0

DAY = 2
1	R	0	356	0
2	R	0	178	0
3	R	0	22	0
4	R	0	352	0
5	R	0	414	0
6	R	0	95	0
7	R	0	-469	0
8	R	0	319	0
9	R	0	338	0
10	R	0	-268	0
11	R	0	211	0
12	R	0	-179	0
13	R	0	251	0
14	R	0	187	0
15	R	0	45	0
16	R	0	286	0
17	R	0	100	0
18	R	0	75	0
19	R	0	128	0
20	R	0	367	0
21	R	0	484	0
22	R	0	247	0
23	R	0	354	0
24	R	0	-156	0
25	R	0	437	0
26	R	0	-309	0
27	R	0	279	0
28	R	0	216	0
29	R	0	150	0
30	R	0	465	0
31	R	0	322	0
32	R	0	-142	0
33	R	0	-450	0
34	R	0	370	0
35	R	0	104	0
36	R	0	432	0
37	R	0	-131	0
38	R	0	405	0
39	R	0	-471	0
40	R	0	375	0

DAY = 3
1	R	0	-378	0
2	R	0	-454	0
3	R	0	-104	0
4	R	0	-43	0
5	R	0	121	0
6	R	0	-465	0
7	R	0	395	0
8	R	0	195	0
9	R	0	47	0
10	R	0	-143	0
11	R	0	-20	0
12	R	0	480	0
13	R	0	30	0
14	R	0	-426	0
15	R	0	443	0
16	R	0	-279	0
17	R	0	-356	0
18	R	0	489	0
19	R	0	54	0
20	R	0	-354	218	0
21	R	0	-381	0
22	R	0	82	0
23	R	0	-350	0
24	R	0	250	0
25	R	0	478	0
26	R	0	186	0
27	R	0	361	0	355	0
28	R	0	117	0
29	R	0	-181	0
30	R	0	-223	0
31	R	0	155	0
32	R	0	231	0
33	R	0	296	0
34	R	0	13	0
35	R	0	-59	0
36	R	0	-5	0
37	R	0	-15	0
38	R	0	317	0
39	R	0	-272	0
40	R	0	300	0
41	R	0	-283	0
42	R	0	-67	0
43	R	0	12	0
44	R	0	161	0
45	R	0	254	0
46	R	0	-338	0
47	R	0	6	0
48	R	0	25	0
49	R	0	215	0
50	R	0	204	0
51	R	0	498	0
52	R	0	-319	0
53	R	0	-384	0
54	R	0	-433	0
55	R	0	372	0
56	R	0	-278	0
57	R	0	-167	0
58	R	0	92	0	-291	0
59	R	0	-166	0
60	R	0	-219	0
61	R	0	-265	0
62	R	0	307	0
63	R	0	-434	0
64	R	0	406	0
65	R	0	124	0
66	R	0	-150	0
67	R	0	-95	0

DAY = 4
1	R	0	-448	0
2	R	0	-395	0
3	R	0	-68	0
4	R	0	-468	0
5	R	0	-339	0
6	R	0	-235	0
7	R	0	-248	0
8	R	0	293	0
9	R	0	391	0
10	R	0	-451	0
11	R	0	-147	0
12	R	0	99	0
13	R	0	2	0
14	R	0	-256	0
15	R	0	-335	0
16	R	0	428	0
17	R	0	360	0
18	R	0	-238	0
19	R	0	-247	0
20	R	0	192	0
21	R	0	-193	0
22	R	0	365	0
23	R	0	73	0
24	R	0	-300	0
25	R	0	-75	0
26	R	0	-415	0
27	R	0	410	0
28	R	0	326	0
29	R	0	-455	0
30	R	0	-367	0
31	R	0	373	0
32	R	0	-63	0
33	R	0	-262	0
34	R	0	190	0
35	R	0	172	0
36	R	0	-135	0
37	R	0	-112	0
38	R	0	-128	0
39	R	0	191	0
40	R	0	-480	0
41	R	0	363	0
42	R	0	-54	0
43	R	0	-215	0
44	R	0	-312	0
45	R	0	-361	0
46	R	0	441	0
47	R	0	-307	0
48	R	0	-163	0
49	R	0	-484	0
50	R	0	-321	0
51	R	0	-414	80	0
52	R	0	464	0
53	R	0	252	0
54	R	0	169	0
55	R	0	-186	0
56	R	0	308	0
57	R	0	-453	0
58	R	0	-413	0
59	R	0	-141	0
60	R	0	358	0
61	R	0	103	0
62	R	0	136	0
63	R	0	403	0
64	R	0	325	0
65	R	0	-432	0
66	R	0	-370	0
67	R	0	-251	0
68	R	0	-342	0
69	R	0	-375	0
70	R	0	280	0
71	R	0	125	0
72	R	0	-474	0
73	R	0	18	0
74	R	0	-124	0
75	R	0	417	0
76	R	0	486	0
77	R	0	90	0	-84	0
78	R	0	305	0

DAY = 5
1	R	0	467	0
2	R	0	442	0
3	R	0	-405	0
4	R	0	351	0
5	R	0	418	0
6	R	0	66	0
7	R	0	-204	0
8	R	0	119	221	0
9	R	0	243	0
10	R	0	183	0
11	R	0	-187	0
12	R	0	-322	0
13	R	0	226	0
14	R	0	271	0
15	R	0	72	0
16	R	0	-231	0
17	R	0	71	0
18	R	0	-117	0
19	R	0	152	0
20	R	0	261	0
21	R	0	-254	0
22	R	0	-373	0
23	R	0	-192	0
24	R	0	-47	0
25	R	0	288	0
26	R	0	-437	0
27	R	0	-82	0
28	R	0	264	0
29	R	0	-250	0
30	R	0	-441	0	-136	0
31	R	0	-178	0
32	R	0	397	0
33	R	0	-216	0
34	R	0	42	0
35	R	0	396	0
36	R	0	276	-6	0
37	R	0	447	0
38	R	0	-45	0
39	R	0	348	0
40	R	0	390	0
41	R	0	-406	0
42	R	0	229	0
43	R	0	-280	0
44	R	0	110	0
45	R	0	137	0
46	R	0	-360	0
47	R	0	115	0
48	R	0	-99	0
49	R	0	429	0
50	R	0	9	0
51	R	0	-464	0
52	R	0	-18	0
53	R	0	154	0
54	R	0	329	0
55	R	0	494	0
56	R	0	-90	0
57	R	0	-352	0
58	R	0	-22	0
59	R	0	408	314	0
60	R	0	299	0
61	R	0	-211	0
62	R	0	-100	0
63	R	0	-365	0
64	R	0	-286	0
65	R	0	164	0
66	R	0	122	0
67	R	0	269	0
68	R	0	-121	0
69	R	0	421	0
70	R	0	273	0
71	R	0	-478	0

DAY = 6
1	R	0	-195	0
2	R	0	-66	41	0
3	R	0	31	0
4	R	0	324	0
5	R	0	431	0
6	R	0	-218	0
7	R	0	-418	0
8	R	0	-403	0
9	R	0	389	0
10	R	0	-183	0
11	R	0	107	0
12	R	0	-351	0
13	R	0	129	0
14	R	0	-443	0
15	R	0	105	0
16	R	0	-30	0
17	R	0	-226	0
18	R	0	-92	0
19	R	0	21	0
20	R	0	340	0
21	R	0	-486	0
22	R	0	311	0
23	R	0	28	0
24	R	0	-12	0
25	R	0	-314	0
26	R	0	-103	0
27	R	0	-417	0
28	R	0	64	0
29	R	0	-489	0
30	R	0	96	0
31	R	0	139	0
32	R	0	-72	0
33	R	0	-73	0
34	R	0	-155	0
35	R	0	98	0
36	R	0	-296	0
37	R	0	149	0
38	R	0	244	0
39	R	0	-293	0
40	R	0	-13	0
41	R	0	349	0
42	R	0	382	0
43	R	0	380	0
44	R	0	-498	0
45	R	0	-358	0
46	R	0	-243	0
47	R	0	81	0
48	R	0	-447	0
49	R	0	282	0
50	R	0	-329	0
51	R	0	-161	0
52	R	0	-264	0
53	R	0	241	0
54	R	0	29	0
55	R	0	463	0
56	R	0	369	0
57	R	0	419	0
58	R	0	-372	0
59	R	0	48	0
60	R	0	-397	0
61	R	0	-421	0
62	R	0	-308	0
63	R	0	-317	0
64	R	0	-355	0
65	R	0	-25	0
66	R	0	170	0
67	R	0	336	0
68	R	0	393	0
69	R	0	69	0

DAY = 7
1	R	0	114	0
2	R	0	374	0
3	R	0	-252	0
4	R	0	-80	0
5	R	0	-463	0
6	R	0	240	0
7	R	0	490	0
8	R	0	-363	0
9	R	0	-154	0
10	R	0	3	0
11	R	0	476	0
12	R	0	387	0
13	R	0	184	0
14	R	0	-172	0
15	R	0	-139	0
16	R	0	-396	0
17	R	0	-288	-391	0
18	R	0	97	0
19	R	0	232	0
20	R	0	-348	0
21	R	0	-273	0
22	R	0	-190	0
23	R	0	298	0
24	R	0	-326	0
25	R	0	371	0
26	R	0	-325	0
27	R	0	-169	0
28	R	0	368	0
29	R	0	-269	0
30	R	0	-305	0
31	R	0	-349	0
32	R	0	-191	0
33	R	0	-2	0
34	R	0	228	0
35	R	0	-276	0
36	R	0	-428	0
37	R	0	-42	0
38	R	0	39	0
39	R	0	-149	0
40	R	0	303	0
41	R	0	257	0
42	R	0	-96	0
43	R	0	-125	0
44	R	0	4	0
45	R	0	-81	0
46	R	0	-410	0
47	R	0	24	0
48	R	0	113	0
49	R	0	33	0
50	R	0	404	0
51	R	0	427	0
52	R	0	-431	0
53	R	0	274	0
54	R	0	-129	0
55	R	0	383	0
56	R	0	332	0
57	R	0	130	0
58	R	0	146	0
59	R	0	-21	0
60	R	0	208	0
61	R	0	-494	0
62	R	0	151	0
63	R	0	449	0

DAY = 8
1	R	0	158	0
2	R	0	416	0
3	R	0	-69	0
4	R	0	246	0
5	R	0	16	0	180	0
6	R	0	206	0
7	R	0	242	0
8	R	0	290	0
9	R	0	230	0
10	R	0	275	0
11	R	0	-130	0
12	R	0	14	0
13	R	0	487	0
14	R	0	-299	0
15	R	0	-271	0
16	R	0	-244	0
17	R	0	-9	0
18	R	0	85	0
19	R	0	259	0
20	R	0	-241	0
21	R	0	260	0
22	R	0	483	0	-122	0
23	R	0	46	0
24	R	0	-442	0
25	R	0	-311	0
26	R	0	-490	0
27	R	0	-228	0
28	R	0	289	0
29	R	0	199	0
30	R	0	102	0	438	0
31	R	0	253	0
32	R	0	345	0
33	R	0	138	0
34	R	0	10	0
35	R	0	-368	0
36	R	0	-184	0
37	R	0	-261	0
38	R	0	-41	0
39	R	0	197	0
40	R	0	-107	-240	0
41	R	0	-164	0
42	R	0	-390	0
43	R	0	-137	0
44	R	0	328	0
45	R	0	492	0
46	R	0	49	0
47	R	0	-393	0
48	R	0	-33	0
49	R	0	-467	0
50	R	0	-115	0
51	R	0	-408	-4	0
52	R	0	83	0
53	R	0	315	0
54	R	0	-221	0
55	R	0	93	0
56	R	0	-110	0
57	R	0	-119	0
58	R	0	436	0
59	R	0	-31	0
60	R	0	118	0
61	R	0	-3	0
62	R	0	-229	0
63	R	0	-71	0
64	R	0	295	0
65	R	0	239	0
66	R	0	1	0
67	R	0	323	0
68	R	0	-429	0
69	R	0	-152	0

DAY = 9
1	R	0	-324	0
2	R	0	292	0
3	R	0	-48	0
4	R	0	76	0
5	R	0	86	0
6	R	0	-28	0
7	R	0	-105	0
8	R	0	-282	0
9	R	0	8	0
10	R	0	-419	0
11	R	0	-29	0
12	R	0	475	0
13	R	0	-371	0
14	R	0	491	0
15	R	0	55	0
16	R	0	-98	0
17	R	0	422	0
18	R	0	-323	0
19	R	0	79	0
20	R	0	423	0
21	R	0	65	0
22	R	0	-374	0
23	R	0	402	0
24	R	0	-246	0
25	R	0	37	0
26	R	0	196	0
27	R	0	-389	0
28	R	0	407	0
29	R	0	-476	0
30	R	0	-146	0
31	R	0	347	0
32	R	0	-336	0
33	R	0	-259	0
34	R	0	214	0
35	R	0	344	0
36	R	0	430	0
37	R	0	401	0
38	R	0	40	0
39	R	0	446	0
40	R	0	-64	0
41	R	0	493	0
42	R	0	-158	0
43	R	0	-332	0
44	R	0	-102	0
45	R	0	175	0
46	R	0	194	0
47	R	0	-369	0
48	R	0	-436	0
49	R	0	-427	0
50	R	0	458	0
51	R	0	-416	0
52	R	0	233	0
53	R	0	-382	0
54	R	0	-340	0
55	R	0	460	0
56	R	0	440	0
57	R	0	-85	0
58	R	0	-380	0
59	R	0	-93	0
60	R	0	88	0
61	R	0	234	0
62	R	0	267	0
63	R	0	-438	0
64	R	0	101	0
65	R	0	-487	0
66	R	0	-170	0
67	R	0	140	0
68	R	0	35	0
69	R	0	185	0
70	R	0	461	-449	0
71	R	0	-303	0
72	R	0	411	0
73	R	0	366	0
74	R	0	108	0
75	R	0	-289	0
76	R	0	-404	0

DAY = 10
1	R	0	485	0
2	R	0	177	0
3	R	0	174	0	176	0
4	R	0	-260	0
5	R	0	318	0
6	R	0	-151	0
7	R	0	477	0
8	R	0	23	0
9	R	0	341	0
10	R	0	-46	0
11	R	0	479	0
12	R	0	425	0
13	R	0	-8	0
14	R	0	-14	0	-49	0
15	R	0	394	0
16	R	0	212	0
17	R	0	-196	0
18	R	0	-206	0
19	R	0	27	0
20	R	0	-180	0
21	R	0	11	0
22	R	0	87	0
23	R	0	-383	0
24	R	0	346	0
25	R	0	-24	0
26	R	0	-10	0
27	R	0	-257	0
28	R	0	-242	0
29	R	0	-440	0
30	R	0	-475	0
31	R	0	-114	0
32	R	0	-422	0
33	R	0	-461	0
34	R	0	-113	0
35	R	0	-194	0
36	R	0	-108	0
37	R	0	189	0
38	R	0	-274	0
39	R	0	52	0
40	R	0	-208	0
41	R	0	459	0
42	R	0	-140	0
43	R	0	263	0
44	R	0	225	0
45	R	0	-65	0
46	R	0	-79	0
47	R	0	281	0
48	R	0	-1	0
49	R	0	388	0
50	R	0	144	0
51	R	0	-97	0
52	R	0	-199	0
53	R	0	200	0
54	R	0	17	0
55	R	0	456	0
56	R	0	-232	0
57	R	0	153	0	203	0
58	R	0	294	0
59	R	0	333	0
60	R	0	377	0
61	R	0	-290	0
62	R	0	77	0
63	R	0	386	0
64	R	0	188	0
65	R	0	61	0
66	R	0	-298	0
67	R	0	-88	0
68	R	0	-387	0
69	R	0	482	0
70	R	0	-493	0
71	R	0	51	0
72	R	0	-423	0
73	R	0	-16	0
74	R	0	-185	0
75	R	0	7	0
76	R	0	-460	0
77	R	0	439	0
78	R	0	-39	0
79	R	0	472	0
80	R	0	-292	0
81	R	0	165	0
82	R	0	-86	0
83	R	0	337	0
84	R	0	-315	0
85	R	0	327	0
86	R	0	-328	0
87	R	0	157	0
88	R	0	334	0
89	R	0	409	0
90	R	0	109	0
91	R	0	-483	0

DAY = 11
1	R	0	-459	0
2	R	0	127	0
3	R	0	198	0
4	R	0	-394	0
5	R	0	-239	0
6	R	0	379	0
7	R	0	258	0
8	R	0	53	0
9	R	0	133	0	353	0
10	R	0	-425	0
11	R	0	210	0
12	R	0	-230	0
13	R	0	385	0
14	R	0	-118	0
15	R	0	26	0
16	R	0	-446	0
17	R	0	245	0
18	R	0	120	0
19	R	0	-402	0
20	R	0	62	0
21	R	0	38	0
22	R	0	499	0
23	R	0	473	0
24	R	0	-263	0
25	R	0	320	0
26	R	0	343	0
27	R	0	-203	0
28	R	0	330	0
29	R	0	-138	0
30	R	0	304	0
31	R	0	159	0
32	R	0	74	0
33	R	0	-197	0
34	R	0	-174	0
35	R	0	-189	0
36	R	0	-52	0
37	R	0	287	0
38	R	0	-40	0
39	R	0	270	0
40	R	0	301	0
41	R	0	-17	0
42	R	0	-318	0
43	R	0	123	0
44	R	0	-233	0
45	R	0	60	0
46	R	0	-253	0
47	R	0	-83	0
48	R	0	284	0
49	R	0	-275	0
50	R	0	-492	0
51	R	0	457	0
52	R	0	-295	0
53	R	0	277	0
54	R	0	-37	0
55	R	0	-345	0
56	R	0	-344	0	209	0
57	R	0	420	0
58	R	0	-51	0
59	R	0	364	0
60	R	0	362	0
61	R	0	-430	0

DAY = 12
1	R	0	236	0
2	R	0	-386	0
3	R	0	-458	0
4	R	0	-76	0
5	R	0	106	0
6	R	0	255	0
7	R	0	-123	0
8	R	0	-347	0
9	R	0	-388	0
10	R	0	392	0
11	R	0	331	0
12	R	0	19	0
13	R	0	-327	0
14	R	0	227	0
15	R	0	111	0
16	R	0	132	0
17	R	0	148	0
18	R	0	50	0
19	R	0	452	0
20	R	0	-366	0	-159	0
21	R	0	398	0
22	R	0	201	0
23	R	0	-234	0
24	R	0	376	0
25	R	0	-188	0
26	R	0	168	0
27	R	0	-101	0
28	R	0	-304	0
29	R	0	-74	0
30	R	0	400	0
31	R	0	-320	0
32	R	0	-270	0
33	R	0	-491	0
34	R	0	285	0
35	R	0	-127	0
36	R	0	-225	0
37	R	0	470	0
38	R	0	-209	0
39	R	0	302	0
40	R	0	57	0
41	R	0	-401	0
42	R	0	435	0
43	R	0	-281	0
44	R	0	207	0
45	R	0	-385	0
46	R	0	497	0
47	R	0	222	0
48	R	0	357	0
49	R	0	-210	0
50	R	0	173	0
51	R	0	-267	0
52	R	0	-175	0
53	R	0	-407	0
54	R	0	297	0
55	R	0	-109	0
56	R	0	424	0
57	R	0	237	0
58	R	0	316	0
59	R	0	-157	0
60	R	0	-411	0
61	R	0	205	0
62	R	0	-7	0
63	R	0	-214	0
64	R	0	217	0
65	R	0	-456	0
66	R	0	-334	0
67	R	0	-439	0
68	R	0	488	0
69	R	0	-55	0
70	R	0	-176	0
71	R	0	-35	0
72	R	0	224	0
73	R	0	-198	0	-294	0
74	R	0	-482	0

DAY = 13
1	R	0	134	0
2	R	0	-398	0
3	R	0	-61	0
4	R	0	-132	0
5	R	0	306	0
6	R	0	78	0
7	R	0	-330	0
8	R	0	412	0
9	R	0	-485	0
10	R	0	-11	0
11	R	0	-285	0
12	R	0	-341	0
13	R	0	202	0
14	R	0	-38	0
15	R	0	359	0
16	R	0	-144	0
17	R	0	-472	0
18	R	0	-26	0
19	R	0	-111	0
20	R	0	-212	0
21	R	0	-177	0
22	R	0	44	0
23	R	0	145	0
24	R	0	-165	0
25	R	0	-277	0
26	R	0	-153	0
27	R	0	-377	0
28	R	0	-23	0
29	R	0	-479	0
30	R	0	-452	0
31	R	0	266	0
32	R	0	-60	0
33	R	0	249	0
34	R	0	481	0
35	R	0	-77	0
36	R	0	-400	0
37	R	0	-258	0
38	R	0	36	0
39	R	0	-379	0
40	R	0	-473	0
41	R	0	171	0
42	R	0	-337	0
43	R	0	496	0
44	R	0	56	0
45	R	0	32	0
46	R	0	-357	0
47	R	0	-420	0
48	R	0	-409	0
49	R	0	34	0
50	R	0	70	0
51	R	0	-200	0
52	R	0	220	0
53	R	0	399	0
54	R	0	-27	0
55	R	0	94	0
56	R	0	-346	0
57	R	0	-331	0
58	R	0	495	0
59	R	0	-477	0
60	R	0	116	0
61	R	0	445	0
62	R	0	-333	0
63	R	0	-87	0
64	R	0	-237	0
65	R	0	91	0
66	R	0	-362	0
67	R	0	-457	0
68	R	0	-62	0

DAY = 14
1	R	0	213	0
2	R	0	-445	0
3	R	0	313	0
4	R	0	500	0
5	R	0	-392	0
6	R	0	-249	0
7	R	0	-284	0
8	R	0	-222	0
9	R	0	-301	0
10	R	0	-245	0
11	R	0	-266	0
12	R	0	-57	0
13	R	0	-217	-343	0
14	R	0	182	0
15	R	0	-364	0
16	R	0	-496	0
17	R	0	-255	0
18	R	0	310	0
19	R	0	-353	0
20	R	0	-399	0
21	R	0	-133	0
22	R	0	-205	0
23	R	0	-32	0
24	R	0	-236	0
25	R	0	-376	0
26	R	0	126	0
27	R	0	462	0
28	R	0	-287	0
29	R	0	-495	0
30	R	0	-148	0
31	R	0	-53	0
32	R	0	-120	0
33	R	0	-171	0
34	R	0	89	0
35	R	0	162	0
36	R	0	-227	0
37	R	0	-168	0
38	R	0	466	0
39	R	0	-19	0
40	R	0	-116	0
41	R	0	-201	0
42	R	0	-499	0
43	R	0	444	0
44	R	0	-173	0
45	R	0	-134	0
46	R	0	160	0
47	R	0	-302	0
48	R	0	-316	0
49	R	0	-91	0
50	R	0	-50	0
51	R	0	58	0

DAY = 15
1	R	0	-34	0
2	R	0	-462	0
3	R	0	-56	-44	0
4	R	0	-500	0
5	R	0	-202	0
6	R	0	-466	0
7	R	0	-70	0
8	R	0	-126	0
9	R	0	-306	0
10	R	0	-207	0
11	R	0	-488	0
12	R	0	-89	0
13	R	0	-160	0
14	R	0	-435	0
15	R	0	-497	0
16	R	0	-310	0
17	R	0	-412	0
18	R	0	-213	0
19	R	0	-313	0
20	R	0	-58	0
21	R	0	-162	0
22	R	0	-94	0
23	R	0	-106	0
24	R	0	-470	0
25	R	0	-78	0
26	R	0	-444	0
27	R	0	-182	0
28	R	0	-220	0
29	R	0	-224	0
30	R	0	-297	0
31	R	0	-145	0
32	R	0	-36	0
33	R	0	-424	0
34	R	0	-359	0
35	R	0	-481	0
