DATASET = ORTEC Test Set
NAME = Instance 04

DAY = 1
1	R	0	92	0
2	R	0	57	0
3	R	0	150	0
4	R	0	44	0
5	R	0	47	0
6	R	0	77	108	0
7	R	0	5	0
8	R	0	45	0
9	R	0	12	0	78	0
10	R	0	38	0
11	R	0	142	0
12	R	0	81	141	0
13	R	0	13	111	0
14	R	0	112	0
15	R	0	80	0
16	R	0	32	0
17	R	0	104	0
18	R	0	101	0
19	R	0	50	0
20	R	0	117	0
21	R	0	72	118	0
22	R	0	43	0	97	58	0
23	R	0	90	0
24	R	0	124	0
25	R	0	103	0
26	R	0	19	95	94	0
27	R	0	145	0
28	R	0	17	0
29	R	0	20	26	0
30	R	0	62	0
31	R	0	133	0
32	R	0	23	0	113	0
33	R	0	59	0
34	R	0	7	64	0
35	R	0	24	0
36	R	0	71	0
37	R	0	33	0
38	R	0	107	0
39	R	0	134	0	102	0
40	R	0	11	66	0
41	R	0	34	127	0
42	R	0	41	0
43	R	0	35	0
44	R	0	63	83	0
45	R	0	106	0
46	R	0	36	0
47	R	0	15	0
48	R	0	30	0
49	R	0	137	0

DAY = 2
1	R	0	16	0
2	R	0	-94	0
3	R	0	126	0
4	R	0	-83	0
5	R	0	-58	0
6	R	0	60	0
7	R	0	42	0
8	R	0	55	0
9	R	0	130	0
10	R	0	148	0
11	R	0	28	0
12	R	0	120	0
13	R	0	115	0
14	R	0	128	0
15	R	0	-108	0
16	R	0	8	49	70	0
17	R	0	40	0
18	R	0	56	0
19	R	0	98	0	-78	0
20	R	0	-101	0
21	R	0	-19	0
22	R	0	73	0
23	R	0	52	0
24	R	0	131	0
25	R	0	39	0
26	R	0	-80	0
27	R	0	-36	0
28	R	0	-150	0	79	0
29	R	0	31	0
30	R	0	109	0
31	R	0	116	0
32	R	0	140	0
33	R	0	89	0
34	R	0	1	67	0
35	R	0	93	0
36	R	0	3	37	0
37	R	0	65	0	147	0
38	R	0	-50	0
39	R	0	105	0
40	R	0	84	0
41	R	0	61	0
42	R	0	25	0
43	R	0	-104	0
44	R	0	-38	0
45	R	0	53	0
46	R	0	139	-43	0
47	R	0	85	99	0
48	R	0	-95	0
49	R	0	125	0
50	R	0	129	0

DAY = 3
1	R	0	-109	0
2	R	0	-44	0
3	R	0	46	0
4	R	0	-106	0
5	R	0	-107	0
6	R	0	135	0
7	R	0	-142	-97	0
8	R	0	-124	0
9	R	0	21	0
10	R	0	-102	0
11	R	0	-103	0
12	R	0	-71	0
13	R	0	27	0
14	R	0	-72	0
15	R	0	54	0
16	R	0	18	0
17	R	0	132	0
18	R	0	-61	0
19	R	0	6	0
20	R	0	138	0
21	R	0	-12	0
22	R	0	-20	0
23	R	0	-115	0
24	R	0	-13	0
25	R	0	76	0
26	R	0	-24	0
27	R	0	121	0
28	R	0	9	0
29	R	0	-137	0
30	R	0	51	0
31	R	0	75	0
32	R	0	-1	0
33	R	0	96	0
34	R	0	110	-15	0
35	R	0	-34	0
36	R	0	100	-134	0
37	R	0	-112	0

DAY = 4
1	R	0	-75	0
2	R	0	-121	0
3	R	0	114	0
4	R	0	149	0
5	R	0	-67	0
6	R	0	-6	0
7	R	0	91	-62	0
8	R	0	-145	0
9	R	0	-111	0
10	R	0	-25	0
11	R	0	119	0
12	R	0	122	0
13	R	0	-35	0
14	R	0	86	-127	0
15	R	0	87	0
16	R	0	-93	0
17	R	0	-7	0	-47	0
18	R	0	-33	0
19	R	0	82	0
20	R	0	-39	0
21	R	0	-60	0
22	R	0	-17	0
23	R	0	-117	0
24	R	0	69	0
25	R	0	-147	0
26	R	0	-66	0
27	R	0	74	0
28	R	0	123	0
29	R	0	-98	0
30	R	0	88	0
31	R	0	4	0
32	R	0	136	0
33	R	0	-30	0
34	R	0	144	0
35	R	0	2	0
36	R	0	-133	-90	0
37	R	0	-77	0
38	R	0	-9	0
39	R	0	68	0
40	R	0	-28	0
41	R	0	22	0
42	R	0	-41	0
43	R	0	-113	0
44	R	0	14	0
45	R	0	-11	0
46	R	0	10	-64	0
47	R	0	-23	-81	0
48	R	0	-118	0
49	R	0	-100	0
50	R	0	143	-37	0
51	R	0	146	0
52	R	0	29	0
53	R	0	-32	0
54	R	0	-130	0
55	R	0	-57	0
56	R	0	-141	0
57	R	0	-63	0
58	R	0	48	0
59	R	0	-92	-45	0
60	R	0	-5	0
61	R	0	-59	0
62	R	0	-55	0
63	R	0	-26	0

DAY = 5
1	R	0	-88	0
2	R	0	-56	0
3	R	0	-31	0
4	R	0	-84	0
5	R	0	-76	0
6	R	0	-86	0
7	R	0	-138	0
8	R	0	-14	0
9	R	0	-51	0
10	R	0	-74	0
11	R	0	-48	-143	0
12	R	0	-82	0
13	R	0	-70	0
14	R	0	-8	0
15	R	0	-148	0
16	R	0	-139	-91	0
17	R	0	-131	0
18	R	0	-54	0
19	R	0	-96	-110	-128	0
20	R	0	-68	-79	0
21	R	0	-116	0	-119	-123	0
22	R	0	-4	0
23	R	0	-16	0
24	R	0	-46	0
25	R	0	-40	-135	0
26	R	0	-10	-144	0	-146	0
27	R	0	-2	0
28	R	0	-99	0
29	R	0	-53	-87	0
30	R	0	-21	0	-22	-49	0
31	R	0	-69	0
32	R	0	-3	0
33	R	0	-120	-129	0
34	R	0	-136	0
35	R	0	-65	0
36	R	0	-149	0
37	R	0	-52	0
38	R	0	-29	0
39	R	0	-114	0
40	R	0	-73	0
41	R	0	-140	0
42	R	0	-18	0
43	R	0	-126	0
44	R	0	-122	0
45	R	0	-105	0
46	R	0	-132	0
47	R	0	-85	0
48	R	0	-125	0
49	R	0	-27	0
50	R	0	-89	0
51	R	0	-42	0
