DATASET = ORTEC Test Set
NAME = Instance 04

DAY = 1
1	R	0	102	0
2	R	0	41	0
3	R	0	125	0
4	R	0	5	0
5	R	0	7	0
6	R	0	64	0
7	R	0	148	0
8	R	0	112	63	0
9	R	0	30	0
10	R	0	15	0
11	R	0	95	0	106	0
12	R	0	60	0
13	R	0	137	0
14	R	0	23	0	71	0
15	R	0	26	0
16	R	0	118	0
17	R	0	12	0
18	R	0	141	0
19	R	0	104	0
20	R	0	70	0
21	R	0	77	0
22	R	0	133	0
23	R	0	8	54	0
24	R	0	89	0
25	R	0	94	0
26	R	0	62	0
27	R	0	90	0
28	R	0	49	0
29	R	0	39	0
30	R	0	28	0
31	R	0	103	0
32	R	0	72	0
33	R	0	31	0
34	R	0	142	0
35	R	0	117	0
36	R	0	45	0
37	R	0	47	0
38	R	0	124	44	57	0
39	R	0	20	0
40	R	0	3	0
41	R	0	140	0
42	R	0	126	0
43	R	0	32	0
44	R	0	150	84	0
45	R	0	83	0
46	R	0	134	0
47	R	0	97	111	0
48	R	0	27	0
49	R	0	65	0
50	R	0	127	0
51	R	0	85	0
52	R	0	80	92	0
53	R	0	17	0
54	R	0	11	0
55	R	0	145	0
56	R	0	36	0
57	R	0	34	0	113	0
58	R	0	129	0
59	R	0	107	0
60	R	0	66	0
61	R	0	33	0
62	R	0	81	0
63	R	0	99	0
64	R	0	35	0
65	R	0	59	0

DAY = 2
1	R	0	16	0
2	R	0	120	0
3	R	0	53	0
4	R	0	-83	0
5	R	0	73	-36	0
6	R	0	1	0
7	R	0	79	0
8	R	0	128	0
9	R	0	42	0
10	R	0	10	0
11	R	0	-150	0
12	R	0	130	0
13	R	0	96	0
14	R	0	131	0
15	R	0	52	0
16	R	0	139	0
17	R	0	56	0
18	R	0	-104	0
19	R	0	61	0
20	R	0	40	0
21	R	0	-80	0
22	R	0	-94	0
23	R	0	-95	46	0
24	R	0	109	0
25	R	0	105	0
26	R	0	25	147	0
27	R	0	116	0
28	R	0	93	0

DAY = 3
1	R	0	100	0
2	R	0	2	0	9	0
3	R	0	-124	0
4	R	0	-61	-71	-28	0
5	R	0	-15	0
6	R	0	-60	0
7	R	0	-12	0
8	R	0	6	0
9	R	0	132	0
10	R	0	-137	0
11	R	0	-102	0
12	R	0	21	98	0
13	R	0	-10	0
14	R	0	-54	0
15	R	0	115	0
16	R	0	-106	0
17	R	0	-39	0
18	R	0	-1	0
19	R	0	76	-34	0
20	R	0	37	0
21	R	0	-109	0
22	R	0	121	0
23	R	0	75	0
24	R	0	-134	0
25	R	0	-20	0
26	R	0	51	0
27	R	0	13	0
28	R	0	110	0
29	R	0	18	0
30	R	0	-72	0
31	R	0	135	0
32	R	0	-112	138	0
33	R	0	-142	0
34	R	0	-27	0
35	R	0	-103	0
36	R	0	-44	24	0
37	R	0	67	0
38	R	0	-107	0
39	R	0	-97	0
40	R	0	55	0

DAY = 4
1	R	0	-141	0
2	R	0	-96	0
3	R	0	-49	0
4	R	0	-64	0
5	R	0	-70	0
6	R	0	-130	0
7	R	0	123	-9	0
8	R	0	-81	-125	0
9	R	0	-66	0
10	R	0	-45	0
11	R	0	82	136	0
12	R	0	-3	0
13	R	0	-121	0	-77	0
14	R	0	-30	0
15	R	0	19	-118	0
16	R	0	-32	0
17	R	0	-89	0
18	R	0	69	143	0
19	R	0	146	0
20	R	0	-11	0
21	R	0	-2	0
22	R	0	29	0
23	R	0	-23	0
24	R	0	149	0
25	R	0	119	0
26	R	0	-100	0
27	R	0	88	0
28	R	0	-111	0
29	R	0	-115	0
30	R	0	-33	0
31	R	0	78	0
32	R	0	50	0
33	R	0	108	0
34	R	0	91	0
35	R	0	-65	0
36	R	0	87	0
37	R	0	48	0
38	R	0	-57	-62	0
39	R	0	14	0
40	R	0	-84	0
41	R	0	-6	0
42	R	0	-75	0
43	R	0	86	-85	0
44	R	0	-25	0
45	R	0	-17	0
46	R	0	144	0
47	R	0	4	0
48	R	0	68	0
49	R	0	-5	0
50	R	0	-59	0
51	R	0	74	-90	122	0
52	R	0	38	-8	0
53	R	0	-127	-63	-147	0
54	R	0	-41	0
55	R	0	-47	0
56	R	0	-31	0
57	R	0	114	0
58	R	0	-99	0
59	R	0	43	0
60	R	0	-145	-92	0	-93	0
61	R	0	-129	0
62	R	0	22	0
63	R	0	58	101	0
64	R	0	-140	0
65	R	0	-126	0
66	R	0	-133	0
67	R	0	-148	0
68	R	0	-35	0
69	R	0	-26	0
70	R	0	-113	0
71	R	0	-117	-46	0
72	R	0	-7	0

DAY = 5
1	R	0	-116	0
2	R	0	-21	0
3	R	0	-76	0
4	R	0	-139	0
5	R	0	-51	0
6	R	0	-110	0
7	R	0	-53	0
8	R	0	-123	0
9	R	0	-48	-69	0
10	R	0	-58	0
11	R	0	-120	0
12	R	0	-88	0
13	R	0	-135	0
14	R	0	-40	0
15	R	0	-91	0
16	R	0	-82	-101	0
17	R	0	-19	0
18	R	0	-38	0
19	R	0	-149	0
20	R	0	-119	0
21	R	0	-128	0
22	R	0	-29	0
23	R	0	-144	0
24	R	0	-18	-86	0
25	R	0	-68	-98	0
26	R	0	-73	0
27	R	0	-79	-14	0
28	R	0	-114	0
29	R	0	-42	0
30	R	0	-67	-108	0
31	R	0	-22	0
32	R	0	-37	0
33	R	0	-24	-56	0
34	R	0	-74	-78	0
35	R	0	-16	0
36	R	0	-138	0
37	R	0	-131	0
38	R	0	-143	0
39	R	0	-132	0
40	R	0	-122	0
41	R	0	-4	0
42	R	0	-13	0
43	R	0	-105	0
44	R	0	-146	0	-87	0
45	R	0	-55	0
46	R	0	-50	0
47	R	0	-136	0
48	R	0	-52	0
49	R	0	-43	0
