DATASET = ORTEC Test Set
NAME = Instance 07

DAY = 1
1	R	0	747	0
2	R	0	706	0
3	R	0	471	0
4	R	0	209	0
5	R	0	282	0
6	R	0	236	0
7	R	0	750	0
8	R	0	357	0
9	R	0	408	0
10	R	0	222	0
11	R	0	543	0
12	R	0	184	0
13	R	0	449	0
14	R	0	696	0
15	R	0	257	0
16	R	0	561	0
17	R	0	17	0
18	R	0	158	0
19	R	0	263	0
20	R	0	237	0
21	R	0	361	0
22	R	0	682	0
23	R	0	362	0
24	R	0	679	0
25	R	0	463	0
26	R	0	311	0
27	R	0	487	0
28	R	0	143	0
29	R	0	605	0
30	R	0	631	0
31	R	0	512	0
32	R	0	22	0
33	R	0	351	0
34	R	0	518	0
35	R	0	326	0
36	R	0	169	0
37	R	0	302	0
38	R	0	371	0
39	R	0	290	0
40	R	0	482	0
41	R	0	335	0
42	R	0	394	0
43	R	0	479	0
44	R	0	369	0
45	R	0	585	0
46	R	0	635	0
47	R	0	130	0
48	R	0	89	0
49	R	0	637	0
50	R	0	255	0
51	R	0	300	0

DAY = 2
1	R	0	15	0
2	R	0	636	0
3	R	0	-747	0
4	R	0	531	0
5	R	0	657	0
6	R	0	-585	0
7	R	0	177	0
8	R	0	662	0
9	R	0	118	0
10	R	0	324	0
11	R	0	393	0
12	R	0	-369	0
13	R	0	-257	0
14	R	0	83	0
15	R	0	497	0
16	R	0	-394	0
17	R	0	-263	0
18	R	0	267	0
19	R	0	445	0
20	R	0	49	0
21	R	0	224	0
22	R	0	272	0
23	R	0	-357	0
24	R	0	218	0
25	R	0	88	0
26	R	0	50	0
27	R	0	159	0
28	R	0	246	0	586	0
29	R	0	-635	0
30	R	0	65	0
31	R	0	346	0
32	R	0	166	0
33	R	0	542	0
34	R	0	44	0
35	R	0	271	0
36	R	0	648	0
37	R	0	249	0
38	R	0	495	0
39	R	0	150	0
40	R	0	-326	0
41	R	0	-561	0
42	R	0	598	0
43	R	0	58	0
44	R	0	-22	0
45	R	0	642	0
46	R	0	107	0
47	R	0	550	0
48	R	0	-408	0
49	R	0	38	0
50	R	0	-17	0
51	R	0	219	0

DAY = 3
1	R	0	505	0
2	R	0	286	0
3	R	0	252	0
4	R	0	-512	0
5	R	0	-150	450	0
6	R	0	-679	0
7	R	0	5	0
8	R	0	669	0
9	R	0	492	0
10	R	0	-543	0
11	R	0	-282	0
12	R	0	-750	0
13	R	0	-290	0
14	R	0	-487	0
15	R	0	-542	0
16	R	0	396	0
17	R	0	-50	0
18	R	0	-531	0
19	R	0	103	0
20	R	0	-445	0
21	R	0	746	0
22	R	0	6	0
23	R	0	-237	0
24	R	0	-222	0
25	R	0	-550	0
26	R	0	356	0
27	R	0	-518	0
28	R	0	372	0
29	R	0	133	0
30	R	0	23	0
31	R	0	655	0
32	R	0	-300	0
33	R	0	667	0
34	R	0	-311	0
35	R	0	740	0
36	R	0	-648	0
37	R	0	-209	0
38	R	0	426	0
39	R	0	398	0
40	R	0	-631	0
41	R	0	727	0
42	R	0	10	0
43	R	0	-495	0
44	R	0	-15	0
45	R	0	227	0
46	R	0	71	0
47	R	0	147	0
48	R	0	-642	0
49	R	0	34	0
50	R	0	690	0
51	R	0	432	0
52	R	0	481	0
53	R	0	692	0
54	R	0	-89	0
55	R	0	-246	0
56	R	0	-696	0
57	R	0	593	0
58	R	0	-38	0
59	R	0	-362	0
60	R	0	-682	0
61	R	0	-371	0
62	R	0	206	0
63	R	0	355	0
64	R	0	-44	0
65	R	0	632	0
66	R	0	732	0
67	R	0	-471	0
68	R	0	493	0
69	R	0	175	0

DAY = 4
1	R	0	556	0
2	R	0	-324	0
3	R	0	344	0
4	R	0	733	0
5	R	0	-169	0
6	R	0	39	0
7	R	0	215	0
8	R	0	233	0
9	R	0	401	0
10	R	0	-692	0
11	R	0	-236	0
12	R	0	124	0
13	R	0	-632	0
14	R	0	238	0
15	R	0	359	0
16	R	0	-351	0
17	R	0	96	0
18	R	0	304	0
19	R	0	141	0
20	R	0	-218	0
21	R	0	-372	0
22	R	0	523	0
23	R	0	-147	0
24	R	0	-224	0
25	R	0	-118	0
26	R	0	686	0
27	R	0	-34	0
28	R	0	-505	0
29	R	0	-449	509	0
30	R	0	414	-23	0
31	R	0	-361	0
32	R	0	163	0
33	R	0	735	0
34	R	0	628	0
35	R	0	-335	0
36	R	0	477	0
37	R	0	-255	0
38	R	0	268	-637	0
39	R	0	-463	0
40	R	0	-184	0
41	R	0	-219	0
42	R	0	695	0
43	R	0	-10	0
44	R	0	226	0
45	R	0	-159	0
46	R	0	-302	0
47	R	0	-662	0
48	R	0	490	0
49	R	0	126	0
50	R	0	-605	0
51	R	0	649	0
52	R	0	678	0
53	R	0	549	0
54	R	0	574	0
55	R	0	-497	0
56	R	0	-586	0
57	R	0	145	0
58	R	0	-130	0
59	R	0	170	0
60	R	0	-143	0
61	R	0	-706	0
62	R	0	-482	0
63	R	0	61	0
64	R	0	-175	0
65	R	0	85	0
66	R	0	352	0
67	R	0	-158	0	340	0
68	R	0	-636	0
69	R	0	-393	0
70	R	0	368	0
71	R	0	97	0
72	R	0	193	0
73	R	0	381	0
74	R	0	-107	0
75	R	0	155	0
76	R	0	-479	0
77	R	0	-267	0
78	R	0	-432	0	384	0
79	R	0	592	0
80	R	0	67	0
81	R	0	-271	0
82	R	0	278	0
83	R	0	132	0
84	R	0	578	0
85	R	0	466	0
86	R	0	742	0

DAY = 5
1	R	0	517	0
2	R	0	-344	0
3	R	0	-215	0
4	R	0	-177	0
5	R	0	104	0
6	R	0	306	0
7	R	0	452	0
8	R	0	63	0
9	R	0	-67	0
10	R	0	-124	0
11	R	0	-340	0
12	R	0	140	0
13	R	0	-83	0
14	R	0	220	0
15	R	0	-657	0
16	R	0	404	0
17	R	0	697	0
18	R	0	-304	0
19	R	0	-103	0
20	R	0	-278	0
21	R	0	722	0
22	R	0	45	0
23	R	0	112	0
24	R	0	-593	0
25	R	0	79	0
26	R	0	-346	0
27	R	0	608	0
28	R	0	-249	0
29	R	0	-493	0
30	R	0	40	0
31	R	0	-669	0
32	R	0	298	0
33	R	0	-735	0
34	R	0	69	0
35	R	0	-359	0
36	R	0	-356	0
37	R	0	-71	0
38	R	0	-155	0
39	R	0	230	0
40	R	0	-414	0
41	R	0	-492	0
42	R	0	7	0
43	R	0	-655	0
44	R	0	560	0
45	R	0	57	0
46	R	0	-742	0
47	R	0	-272	0
48	R	0	-88	0
49	R	0	402	0
50	R	0	314	0
51	R	0	-426	0
52	R	0	-39	0
53	R	0	105	0
54	R	0	457	0
55	R	0	-732	0
56	R	0	-592	0
57	R	0	-740	0
58	R	0	503	0
59	R	0	-667	0
60	R	0	-61	0
61	R	0	77	0
62	R	0	-58	0
63	R	0	-65	0
64	R	0	-166	0
65	R	0	572	0
66	R	0	-49	0
67	R	0	-368	0
68	R	0	705	-598	0
69	R	0	167	0
70	R	0	458	0
71	R	0	-133	0
72	R	0	-170	0
73	R	0	190	0
74	R	0	350	0
75	R	0	651	0

DAY = 6
1	R	0	-268	0	-404	0
2	R	0	-190	0
3	R	0	395	0
4	R	0	270	0
5	R	0	474	0
6	R	0	448	0
7	R	0	-746	0
8	R	0	-727	48	0
9	R	0	684	0
10	R	0	-396	0
11	R	0	719	0
12	R	0	379	0
13	R	0	-6	0
14	R	0	-227	0
15	R	0	-355	0
16	R	0	553	0
17	R	0	285	0
18	R	0	-381	0
19	R	0	30	0
20	R	0	-457	0
21	R	0	-104	0
22	R	0	410	0
23	R	0	256	0
24	R	0	-7	0
25	R	0	485	0
26	R	0	-286	0
27	R	0	590	0
28	R	0	-450	0
29	R	0	308	0
30	R	0	287	0
31	R	0	284	0
32	R	0	244	0
33	R	0	-132	0
34	R	0	262	0
35	R	0	-85	0
36	R	0	-697	0
37	R	0	21	0
38	R	0	745	0
39	R	0	-690	0
40	R	0	-5	0
41	R	0	-145	0
42	R	0	131	0
43	R	0	-549	0
44	R	0	-233	0
45	R	0	338	0
46	R	0	539	0
47	R	0	-733	0
48	R	0	-230	0
49	R	0	-398	0
50	R	0	500	0
51	R	0	459	0
52	R	0	739	0
53	R	0	-523	0
54	R	0	461	0
55	R	0	-238	37	0
56	R	0	-97	0
57	R	0	-352	0
58	R	0	8	0
59	R	0	-608	0
60	R	0	20	0
61	R	0	-686	0
62	R	0	-69	0
63	R	0	-678	0
64	R	0	319	0
65	R	0	-477	0
66	R	0	342	0
67	R	0	703	0
68	R	0	295	0
69	R	0	397	0
70	R	0	-402	0
71	R	0	179	0
72	R	0	28	0
73	R	0	-649	0
74	R	0	162	0
75	R	0	437	0
76	R	0	469	0
77	R	0	-458	0
78	R	0	-509	0
79	R	0	420	0
80	R	0	-206	0
81	R	0	607	0
82	R	0	-252	0
83	R	0	-481	0

DAY = 7
1	R	0	567	0
2	R	0	-193	0
3	R	0	-466	0
4	R	0	210	0
5	R	0	-384	0
6	R	0	364	0
7	R	0	161	0
8	R	0	-96	0
9	R	0	424	0
10	R	0	693	0
11	R	0	136	0
12	R	0	625	0
13	R	0	-79	0
14	R	0	-719	0
15	R	0	-401	0
16	R	0	-572	0
17	R	0	616	0
18	R	0	510	0
19	R	0	-739	0
20	R	0	-126	0
21	R	0	-459	0
22	R	0	144	0
23	R	0	74	0
24	R	0	-162	0
25	R	0	630	0
26	R	0	451	0
27	R	0	-140	0
28	R	0	-21	0
29	R	0	-560	0
30	R	0	513	0
31	R	0	345	0
32	R	0	253	0
33	R	0	-306	0
34	R	0	546	0
35	R	0	-628	0
36	R	0	231	0
37	R	0	188	0
38	R	0	-553	363	0
39	R	0	380	0
40	R	0	664	0
41	R	0	601	0
42	R	0	-578	0
43	R	0	-607	0
44	R	0	-226	0
45	R	0	-244	0
46	R	0	72	0
47	R	0	111	0
48	R	0	310	0
49	R	0	26	0
50	R	0	-574	0
51	R	0	-298	0
52	R	0	-350	0
53	R	0	439	0
54	R	0	-256	0
55	R	0	213	0
56	R	0	-112	0
57	R	0	-141	0
58	R	0	299	0
59	R	0	-556	0
60	R	0	365	0
61	R	0	629	0
62	R	0	-705	160	0
63	R	0	504	0
64	R	0	122	0
65	R	0	-695	0
66	R	0	-490	0
67	R	0	584	0
68	R	0	-284	0
69	R	0	-163	0
70	R	0	596	0
71	R	0	385	0
72	R	0	-308	0
73	R	0	-651	0
74	R	0	689	0
75	R	0	276	0
76	R	0	-503	0
77	R	0	-28	0
78	R	0	228	0

DAY = 8
1	R	0	334	0
2	R	0	-684	0
3	R	0	-45	0
4	R	0	-105	0
5	R	0	-131	0
6	R	0	-500	0
7	R	0	84	0
8	R	0	467	0
9	R	0	562	0
10	R	0	232	0
11	R	0	127	0
12	R	0	42	0
13	R	0	-616	0
14	R	0	196	0
15	R	0	-584	0
16	R	0	683	0
17	R	0	-452	0
18	R	0	205	0
19	R	0	-722	0
20	R	0	-703	0
21	R	0	35	0
22	R	0	-314	0
23	R	0	56	0
24	R	0	148	0
25	R	0	-40	0
26	R	0	296	0
27	R	0	265	0
28	R	0	588	575	0
29	R	0	-37	0
30	R	0	240	0
31	R	0	261	0
32	R	0	-287	0
33	R	0	-364	0
34	R	0	-30	0
35	R	0	-160	0
36	R	0	-424	0
37	R	0	731	0
38	R	0	-161	0
39	R	0	-77	0
40	R	0	146	748	0
41	R	0	-630	0
42	R	0	92	0
43	R	0	620	0
44	R	0	661	0
45	R	0	99	0
46	R	0	62	-262	0
47	R	0	-397	0
48	R	0	-48	0
49	R	0	514	0
50	R	0	-167	0
51	R	0	207	0
52	R	0	109	0
53	R	0	-63	0
54	R	0	-295	0
55	R	0	-664	0
56	R	0	259	0
57	R	0	718	0
58	R	0	-231	0
59	R	0	-220	0
60	R	0	81	0
61	R	0	55	0
62	R	0	-379	0
63	R	0	583	0
64	R	0	288	0
65	R	0	-8	0
66	R	0	-179	0
67	R	0	-517	0
68	R	0	-469	0
69	R	0	-513	0
70	R	0	24	0
71	R	0	528	0
72	R	0	594	0
73	R	0	721	0
74	R	0	421	0
75	R	0	-299	0
76	R	0	691	0
77	R	0	-57	0
78	R	0	-485	0

DAY = 9
1	R	0	687	-136	0
2	R	0	242	0
3	R	0	559	0
4	R	0	-588	0
5	R	0	-395	0
6	R	0	-410	0
7	R	0	189	0
8	R	0	-546	0
9	R	0	643	0
10	R	0	507	0
11	R	0	619	0
12	R	0	480	0
13	R	0	738	0
14	R	0	312	0
15	R	0	-745	0
16	R	0	281	0
17	R	0	95	0
18	R	0	611	0
19	R	0	589	0
20	R	0	325	0
21	R	0	-594	0
22	R	0	-693	0
23	R	0	-109	0
24	R	0	52	0
25	R	0	-514	0
26	R	0	348	0
27	R	0	-451	0
28	R	0	333	0
29	R	0	382	0
30	R	0	-35	0
31	R	0	-310	0
32	R	0	-590	0
33	R	0	456	0
34	R	0	139	0
35	R	0	566	0
36	R	0	241	0
37	R	0	489	0
38	R	0	-437	0
39	R	0	486	0
40	R	0	-228	0
41	R	0	-270	0
42	R	0	-528	0
43	R	0	-365	0
44	R	0	-439	0
45	R	0	-20	0
46	R	0	491	511	0
47	R	0	-26	0
48	R	0	711	0
49	R	0	1	0
50	R	0	-342	0
51	R	0	-539	0
52	R	0	-319	0
53	R	0	-629	0
54	R	0	-683	0
55	R	0	54	0
56	R	0	729	0
57	R	0	-474	0
58	R	0	-363	0
59	R	0	-731	0
60	R	0	-601	0
61	R	0	464	0
62	R	0	115	0
63	R	0	563	0
64	R	0	-205	0
65	R	0	-276	0
66	R	0	541	0
67	R	0	411	0
68	R	0	32	0
69	R	0	622	0
70	R	0	-420	0
71	R	0	525	0
72	R	0	-385	0
73	R	0	2	0
74	R	0	462	0
75	R	0	-448	0
76	R	0	418	0
77	R	0	730	0
78	R	0	465	-748	0
79	R	0	-232	0
80	R	0	-55	0
81	R	0	-338	0
82	R	0	-285	0
83	R	0	27	0
84	R	0	-345	0
85	R	0	-461	0
86	R	0	301	0

DAY = 10
1	R	0	-583	0
2	R	0	698	0
3	R	0	-418	0
4	R	0	113	-738	0
5	R	0	-622	0
6	R	0	154	0
7	R	0	-189	0
8	R	0	-566	0
9	R	0	331	0
10	R	0	194	0
11	R	0	647	0
12	R	0	-729	0
13	R	0	-148	0
14	R	0	623	0
15	R	0	-562	0
16	R	0	557	0
17	R	0	658	0
18	R	0	-625	0
19	R	0	119	0
20	R	0	-596	0
21	R	0	656	0
22	R	0	677	0
23	R	0	-127	0
24	R	0	-72	0
25	R	0	673	0
26	R	0	129	0
27	R	0	-111	0
28	R	0	714	0
29	R	0	-312	0
30	R	0	-144	0
31	R	0	685	0
32	R	0	-188	0
33	R	0	-567	0
34	R	0	329	0
35	R	0	-95	0
36	R	0	73	0
37	R	0	110	0
38	R	0	-575	0
39	R	0	-240	0
40	R	0	199	0
41	R	0	151	412	0
42	R	0	-510	0
43	R	0	672	0
44	R	0	-259	0
45	R	0	245	0
46	R	0	-210	0
47	R	0	225	0
48	R	0	106	0
49	R	0	313	0
50	R	0	-691	0
51	R	0	-507	0
52	R	0	-207	0
53	R	0	239	0
54	R	0	98	0
55	R	0	43	0
56	R	0	274	0
57	R	0	-122	0
58	R	0	409	0
59	R	0	-380	0
60	R	0	-689	0
61	R	0	538	0
62	R	0	-504	0
63	R	0	-24	0
64	R	0	-541	0
65	R	0	75	0
66	R	0	-620	0
67	R	0	674	0
68	R	0	-301	0
69	R	0	125	0
70	R	0	743	0
71	R	0	138	0
72	R	0	-54	0
73	R	0	717	0
74	R	0	-467	0
75	R	0	-146	0
76	R	0	-253	0
77	R	0	-265	0
78	R	0	-213	0
79	R	0	-84	0
80	R	0	570	0
81	R	0	390	0
82	R	0	447	0
83	R	0	-81	0
84	R	0	-74	0

DAY = 11
1	R	0	-241	0
2	R	0	29	0
3	R	0	208	0
4	R	0	602	0
5	R	0	744	0
6	R	0	700	0
7	R	0	-462	0
8	R	0	123	0
9	R	0	387	0
10	R	0	-261	0
11	R	0	429	0
12	R	0	-56	0
13	R	0	116	0
14	R	0	441	0
15	R	0	-325	0
16	R	0	610	0
17	R	0	-115	0
18	R	0	-409	0
19	R	0	-611	0
20	R	0	-382	0
21	R	0	-119	0
22	R	0	470	0
23	R	0	-99	0
24	R	0	164	0
25	R	0	-42	0
26	R	0	-239	0
27	R	0	353	0
28	R	0	303	0
29	R	0	640	0
30	R	0	670	0
31	R	0	172	0
32	R	0	-743	0
33	R	0	260	0
34	R	0	708	0
35	R	0	-421	0
36	R	0	-687	0
37	R	0	181	0
38	R	0	-511	0
39	R	0	478	0
40	R	0	614	0
41	R	0	235	0
42	R	0	434	0
43	R	0	-661	0
44	R	0	552	0
45	R	0	-491	0
46	R	0	537	0
47	R	0	-139	0
48	R	0	13	0
49	R	0	453	0
50	R	0	425	0
51	R	0	-557	0
52	R	0	400	0
53	R	0	277	0
54	R	0	192	0
55	R	0	615	0
56	R	0	-334	0
57	R	0	609	0
58	R	0	-32	0
59	R	0	-199	0
60	R	0	-1	0
61	R	0	-721	0
62	R	0	14	0
63	R	0	203	0
64	R	0	618	0
65	R	0	617	0
66	R	0	527	0
67	R	0	-643	0
68	R	0	-62	0
69	R	0	-333	0
70	R	0	403	0
71	R	0	-296	0
72	R	0	9	0
73	R	0	-559	0
74	R	0	370	0
75	R	0	-151	0
76	R	0	-677	0
77	R	0	-623	0
78	R	0	373	0
79	R	0	-464	0
80	R	0	-456	0
81	R	0	-92	0
82	R	0	-129	0
83	R	0	-196	0
84	R	0	638	0
85	R	0	-52	0
86	R	0	-718	0
87	R	0	-194	0
88	R	0	-242	0
89	R	0	-288	0
90	R	0	-412	0
91	R	0	624	0
92	R	0	16	0
93	R	0	508	0
94	R	0	-486	0
95	R	0	-673	0
96	R	0	-465	0
97	R	0	91	0

DAY = 12
1	R	0	-2	0
2	R	0	186	0
3	R	0	11	0
4	R	0	-43	0	-447	0
5	R	0	-619	0
6	R	0	-711	0
7	R	0	-674	0
8	R	0	-489	0
9	R	0	475	0
10	R	0	483	0
11	R	0	606	0
12	R	0	529	0
13	R	0	-441	0
14	R	0	454	0
15	R	0	-154	0
16	R	0	430	0
17	R	0	641	0
18	R	0	-525	0
19	R	0	201	0
20	R	0	36	0
21	R	0	80	0
22	R	0	-508	0
23	R	0	197	0
24	R	0	391	0
25	R	0	-589	0
26	R	0	-411	0
27	R	0	-609	0
28	R	0	289	0
29	R	0	367	0
30	R	0	-260	0
31	R	0	-331	0
32	R	0	-730	0
33	R	0	214	0
34	R	0	-277	0
35	R	0	536	0
36	R	0	376	0
37	R	0	70	0
38	R	0	251	0
39	R	0	-113	0
40	R	0	-618	0
41	R	0	-425	0
42	R	0	297	0
43	R	0	-192	0
44	R	0	-672	0
45	R	0	4	0
46	R	0	-208	0
47	R	0	-717	0
48	R	0	94	0
49	R	0	293	0
50	R	0	-638	0
51	R	0	422	0
52	R	0	-480	0
53	R	0	-563	0
54	R	0	307	0
55	R	0	-640	0
56	R	0	264	0
57	R	0	444	0
58	R	0	41	0
59	R	0	715	0
60	R	0	76	0
61	R	0	-313	0
62	R	0	654	0
63	R	0	165	0
64	R	0	-16	0
65	R	0	-353	0
66	R	0	-527	51	0
67	R	0	-552	0
68	R	0	-203	0
69	R	0	-602	0
70	R	0	343	0
71	R	0	580	0
72	R	0	-348	0
73	R	0	389	0
74	R	0	-615	0
75	R	0	157	0
76	R	0	-27	0
77	R	0	-274	0
78	R	0	-73	0
79	R	0	-164	0
80	R	0	-98	0
81	R	0	-225	0
82	R	0	-647	0
83	R	0	-75	0
84	R	0	-403	0
85	R	0	-281	0
86	R	0	627	0

DAY = 13
1	R	0	269	0
2	R	0	187	0
3	R	0	435	0
4	R	0	327	-617	0
5	R	0	-658	0
6	R	0	-289	0
7	R	0	234	0
8	R	0	-698	0
9	R	0	212	0
10	R	0	681	0
11	R	0	-580	0
12	R	0	406	0
13	R	0	12	0
14	R	0	-91	0
15	R	0	53	0
16	R	0	415	0
17	R	0	337	0
18	R	0	-387	0
19	R	0	428	0
20	R	0	-614	0
21	R	0	-251	0
22	R	0	-181	0
23	R	0	-245	0
24	R	0	108	0
25	R	0	121	0
26	R	0	-641	0
27	R	0	202	0
28	R	0	676	0
29	R	0	-536	0
30	R	0	-478	0
31	R	0	-483	0
32	R	0	702	0
33	R	0	375	0
34	R	0	-656	-453	0
35	R	0	78	0
36	R	0	374	0
37	R	0	3	0
38	R	0	292	0
39	R	0	183	0
40	R	0	178	0
41	R	0	305	0
42	R	0	258	0
43	R	0	-29	0
44	R	0	-235	0
45	R	0	-475	0
46	R	0	-106	0
47	R	0	-125	0
48	R	0	-715	0
49	R	0	-685	0
50	R	0	716	0
51	R	0	-138	0
52	R	0	-444	0
53	R	0	-570	0
54	R	0	545	0
55	R	0	-538	0
56	R	0	720	0
57	R	0	436	0
58	R	0	737	0
59	R	0	-430	0
60	R	0	-110	0
61	R	0	587	0
62	R	0	-370	0
63	R	0	191	0
64	R	0	-670	0
65	R	0	652	0
66	R	0	174	0
67	R	0	699	0
68	R	0	-434	0
69	R	0	-329	0
70	R	0	496	0
71	R	0	-714	0
72	R	0	-165	0
73	R	0	360	0
74	R	0	-303	0
75	R	0	577	0
76	R	0	-41	0
77	R	0	488	0
78	R	0	494	0
79	R	0	-429	0
80	R	0	-123	0
81	R	0	502	0
82	R	0	229	0
83	R	0	-157	0
84	R	0	-373	0
85	R	0	-390	0
86	R	0	64	0

DAY = 14
1	R	0	-610	0
2	R	0	46	0
3	R	0	-496	0
4	R	0	-391	0
5	R	0	-708	0
6	R	0	659	0
7	R	0	-116	0
8	R	0	-606	0
9	R	0	-297	0
10	R	0	-269	0
11	R	0	455	0
12	R	0	25	0
13	R	0	90	0
14	R	0	-11	0
15	R	0	-470	0
16	R	0	-94	0
17	R	0	520	0
18	R	0	460	0
19	R	0	728	0
20	R	0	-488	0
21	R	0	-4	0
22	R	0	476	0
23	R	0	283	0
24	R	0	-435	0
25	R	0	579	0
26	R	0	-389	0
27	R	0	137	0
28	R	0	712	0
29	R	0	-264	0
30	R	0	-376	0
31	R	0	-9	0
32	R	0	-624	0
33	R	0	182	-305	0
34	R	0	506	323	399	0
35	R	0	114	0
36	R	0	339	0
37	R	0	604	0
38	R	0	-13	0
39	R	0	31	0
40	R	0	-307	0
41	R	0	-178	0
42	R	0	-700	0
43	R	0	-36	0
44	R	0	-422	0
45	R	0	317	0
46	R	0	-537	0
47	R	0	-744	0
48	R	0	173	0
49	R	0	47	0
50	R	0	-367	0
51	R	0	250	0
52	R	0	-428	0
53	R	0	-14	0
54	R	0	573	0
55	R	0	675	0
56	R	0	-400	0
57	R	0	347	0
58	R	0	519	0
59	R	0	-720	0
60	R	0	736	0
61	R	0	701	0
62	R	0	591	0
63	R	0	-374	0
64	R	0	-172	0
65	R	0	-201	0
66	R	0	217	0
67	R	0	749	0

DAY = 15
1	R	0	-174	0
2	R	0	332	0
3	R	0	498	0
4	R	0	-460	0
5	R	0	600	0
6	R	0	168	0
7	R	0	-375	0
8	R	0	565	0
9	R	0	633	0
10	R	0	-31	0
11	R	0	-202	0
12	R	0	198	0
13	R	0	564	0
14	R	0	571	0
15	R	0	-53	0
16	R	0	-121	0
17	R	0	595	0
18	R	0	386	0
19	R	0	-716	0
20	R	0	392	0
21	R	0	-173	0
22	R	0	195	0
23	R	0	328	0
24	R	0	-191	0
25	R	0	60	0
26	R	0	-183	0
27	R	0	248	0
28	R	0	671	0
29	R	0	-186	0
30	R	0	377	0
31	R	0	318	0
32	R	0	19	0
33	R	0	204	0
34	R	0	650	0
35	R	0	-70	0
36	R	0	59	0	-339	0
37	R	0	-529	0
38	R	0	135	0
39	R	0	291	0
40	R	0	221	0
41	R	0	-283	0
42	R	0	521	0
43	R	0	603	0
44	R	0	407	0
45	R	0	-627	0
46	R	0	-327	0
47	R	0	-293	0
48	R	0	-494	0
49	R	0	-197	0
50	R	0	413	0
51	R	0	-51	0
52	R	0	-415	0
53	R	0	-78	0
54	R	0	-343	0
55	R	0	419	0
56	R	0	211	0
57	R	0	-520	0
58	R	0	-436	0
59	R	0	-187	0
60	R	0	86	0
61	R	0	440	-587	0
62	R	0	-76	0
63	R	0	-80	0
64	R	0	-137	0
65	R	0	216	0
66	R	0	726	0
67	R	0	-654	0
68	R	0	336	0
69	R	0	-182	0
70	R	0	-214	0
71	R	0	-737	0
72	R	0	548	0
73	R	0	688	0
74	R	0	142	0
75	R	0	156	0
76	R	0	322	0
77	R	0	-3	0
78	R	0	-454	0

DAY = 16
1	R	0	-322	0
2	R	0	568	-565	0
3	R	0	-60	0
4	R	0	668	0
5	R	0	599	0
6	R	0	-413	0
7	R	0	-212	0
8	R	0	-728	0
9	R	0	18	0
10	R	0	-221	0
11	R	0	-142	0
12	R	0	-292	0
13	R	0	-336	0
14	R	0	626	0
15	R	0	383	0
16	R	0	660	0
17	R	0	-229	0
18	R	0	473	0
19	R	0	-258	0
20	R	0	366	0
21	R	0	-347	0
22	R	0	576	0
23	R	0	582	0
24	R	0	-591	0
25	R	0	484	0
26	R	0	-12	0
27	R	0	-108	0
28	R	0	710	0
29	R	0	-406	0
30	R	0	-676	0
31	R	0	-595	0
32	R	0	-46	0
33	R	0	93	0
34	R	0	612	0
35	R	0	153	0
36	R	0	-579	0
37	R	0	-712	0
38	R	0	724	0
39	R	0	320	0
40	R	0	-519	0
41	R	0	354	0
42	R	0	522	0
43	R	0	-603	0
44	R	0	-476	0
45	R	0	-502	0
46	R	0	-392	0
47	R	0	-360	0
48	R	0	-90	0
49	R	0	388	0
50	R	0	666	0
51	R	0	-699	0
52	R	0	431	0
53	R	0	734	200	0
54	R	0	-498	0
55	R	0	100	0
56	R	0	-399	0
57	R	0	-337	0
58	R	0	532	0
59	R	0	741	0
60	R	0	-577	0
61	R	0	358	0
62	R	0	294	0
63	R	0	723	0
64	R	0	526	0
65	R	0	309	0
66	R	0	-332	0
67	R	0	-250	0
68	R	0	-652	0
69	R	0	-736	0
70	R	0	-681	0
71	R	0	-702	0
72	R	0	-234	0
73	R	0	-600	0
74	R	0	279	0
75	R	0	472	0
76	R	0	-545	0
77	R	0	266	0
78	R	0	-291	0
79	R	0	524	0
80	R	0	-64	0
81	R	0	185	0
82	R	0	-204	0
83	R	0	-317	0
84	R	0	33	0

DAY = 17
1	R	0	180	0
2	R	0	613	0
3	R	0	-216	0
4	R	0	68	0
5	R	0	-386	0
6	R	0	-135	0
7	R	0	-354	0
8	R	0	254	0
9	R	0	349	0
10	R	0	-431	0
11	R	0	-18	0
12	R	0	-86	0
13	R	0	405	0
14	R	0	-604	0
15	R	0	-377	0
16	R	0	152	0
17	R	0	-724	0
18	R	0	-749	0
19	R	0	-320	0
20	R	0	-294	0
21	R	0	547	0
22	R	0	-100	0
23	R	0	581	0
24	R	0	82	0
25	R	0	66	0
26	R	0	378	0
27	R	0	-734	0
28	R	0	-564	0
29	R	0	-309	0
30	R	0	555	0
31	R	0	275	0
32	R	0	646	0
33	R	0	-25	0
34	R	0	-571	0
35	R	0	-185	0
36	R	0	501	0
37	R	0	-659	0
38	R	0	-506	0
39	R	0	-701	0
40	R	0	-328	0
41	R	0	535	0
42	R	0	-675	0
43	R	0	433	0
44	R	0	653	0
45	R	0	-198	0
46	R	0	171	0
47	R	0	569	0
48	R	0	-626	0
49	R	0	694	0
50	R	0	515	0
51	R	0	-576	0
52	R	0	-323	0
53	R	0	315	0
54	R	0	639	0
55	R	0	223	0
56	R	0	-217	0
57	R	0	-19	0
58	R	0	-47	0
59	R	0	-524	0
60	R	0	87	0
61	R	0	-612	0
62	R	0	243	0	-573	0
63	R	0	-455	0
64	R	0	-741	0
65	R	0	663	0
66	R	0	680	0
67	R	0	-114	0
68	R	0	634	0
69	R	0	-568	0
70	R	0	134	0
71	R	0	-633	0
72	R	0	725	0

DAY = 18
1	R	0	-33	0
2	R	0	247	0
3	R	0	-248	0
4	R	0	446	0
5	R	0	-599	0
6	R	0	-653	0
7	R	0	665	0
8	R	0	117	0
9	R	0	-668	0
10	R	0	-547	0
11	R	0	645	0
12	R	0	540	0
13	R	0	-318	0
14	R	0	102	0
15	R	0	-315	0
16	R	0	-195	0
17	R	0	-650	0
18	R	0	-407	0
19	R	0	554	0
20	R	0	-168	0
21	R	0	-378	321	0
22	R	0	713	0
23	R	0	-515	0
24	R	0	-358	0
25	R	0	-526	0
26	R	0	468	0
27	R	0	709	0
28	R	0	-639	0
29	R	0	-243	0
30	R	0	644	0
31	R	0	149	0
32	R	0	-200	0
33	R	0	499	0
34	R	0	-521	0
35	R	0	-153	0
36	R	0	-405	0
37	R	0	443	0
38	R	0	128	0
39	R	0	-211	0
40	R	0	316	0
41	R	0	516	0
42	R	0	530	0
43	R	0	-726	0
44	R	0	341	0
45	R	0	-671	0
46	R	0	423	551	0
47	R	0	427	0
48	R	0	-688	0
49	R	0	280	0
50	R	0	273	0
51	R	0	-180	0
52	R	0	-433	0
53	R	0	-59	0
54	R	0	-634	0
55	R	0	-660	0
56	R	0	-548	0
57	R	0	-68	0
58	R	0	-440	0
59	R	0	-419	0
60	R	0	-156	0
61	R	0	597	0

DAY = 19
1	R	0	-388	0
2	R	0	-117	0
3	R	0	-666	0
4	R	0	-646	0
5	R	0	-665	0
6	R	0	442	0
7	R	0	-532	0
8	R	0	-535	0
9	R	0	-383	0
10	R	0	544	0
11	R	0	-321	0
12	R	0	-82	0
13	R	0	-725	0
14	R	0	-149	0
15	R	0	-597	0
16	R	0	-266	0
17	R	0	-134	0
18	R	0	-472	0
19	R	0	-644	0
20	R	0	621	0
21	R	0	-555	0
22	R	0	-171	0
23	R	0	-499	0
24	R	0	-551	0
25	R	0	-247	0
26	R	0	-709	0
27	R	0	-273	0
28	R	0	-87	0
29	R	0	-473	0
30	R	0	-366	0
31	R	0	417	0
32	R	0	-582	0
33	R	0	-484	0
34	R	0	-694	0
35	R	0	-710	0
36	R	0	-152	0
37	R	0	-93	0
38	R	0	534	0
39	R	0	-427	0
40	R	0	176	0
41	R	0	-279	0
42	R	0	120	438	0
43	R	0	707	0
44	R	0	101	0
45	R	0	-423	0
46	R	0	-66	0
47	R	0	533	0
48	R	0	704	0
49	R	0	-723	0
50	R	0	-522	0
51	R	0	416	0
52	R	0	558	330	0
53	R	0	-102	0
54	R	0	-275	0

DAY = 20
1	R	0	-663	0
2	R	0	-101	0
3	R	0	-438	0
4	R	0	-280	0
5	R	0	-713	0
6	R	0	-443	0
7	R	0	-254	0
8	R	0	-468	0
9	R	0	-581	0
10	R	0	-645	0
11	R	0	-223	0
12	R	0	-442	0
13	R	0	-417	0
14	R	0	-516	0
15	R	0	-707	0
16	R	0	-569	0
17	R	0	-621	0
18	R	0	-554	0
19	R	0	-680	0
20	R	0	-446	0
21	R	0	-558	0
22	R	0	-613	0
23	R	0	-704	0
24	R	0	-120	0
25	R	0	-176	0
26	R	0	-530	0
27	R	0	-316	0
28	R	0	-330	0
29	R	0	-533	0
30	R	0	-341	0
31	R	0	-534	0
32	R	0	-128	0
33	R	0	-544	0
34	R	0	-501	0
35	R	0	-416	0
36	R	0	-540	0
37	R	0	-349	0
